R[m] ne[m^-3]
2.530000e+000 1.416199e+020 
2.530400e+000 1.415884e+020 
2.530800e+000 1.415569e+020 
2.531200e+000 1.415254e+020 
2.531600e+000 1.414939e+020 
2.532000e+000 1.414624e+020 
2.532400e+000 1.414309e+020 
2.532800e+000 1.413994e+020 
2.533200e+000 1.413679e+020 
2.533600e+000 1.413364e+020 
2.534000e+000 1.413049e+020 
2.534400e+000 1.412734e+020 
2.534800e+000 1.412419e+020 
2.535200e+000 1.412104e+020 
2.535600e+000 1.411789e+020 
2.536000e+000 1.411474e+020 
2.536400e+000 1.411159e+020 
2.536800e+000 1.410844e+020 
2.537200e+000 1.410529e+020 
2.537600e+000 1.410214e+020 
2.538000e+000 1.409899e+020 
2.538400e+000 1.409584e+020 
2.538800e+000 1.409269e+020 
2.539200e+000 1.408954e+020 
2.539600e+000 1.408639e+020 
2.540000e+000 1.408324e+020 
2.540400e+000 1.408009e+020 
2.540800e+000 1.407693e+020 
2.541200e+000 1.407378e+020 
2.541600e+000 1.407063e+020 
2.542000e+000 1.406748e+020 
2.542400e+000 1.406433e+020 
2.542800e+000 1.406118e+020 
2.543200e+000 1.405803e+020 
2.543600e+000 1.405488e+020 
2.544000e+000 1.405173e+020 
2.544400e+000 1.404858e+020 
2.544800e+000 1.404543e+020 
2.545200e+000 1.404228e+020 
2.545600e+000 1.403913e+020 
2.546000e+000 1.403598e+020 
2.546400e+000 1.403283e+020 
2.546800e+000 1.402968e+020 
2.547200e+000 1.402653e+020 
2.547600e+000 1.402338e+020 
2.548000e+000 1.402023e+020 
2.548400e+000 1.401708e+020 
2.548800e+000 1.401393e+020 
2.549200e+000 1.401078e+020 
2.549600e+000 1.400763e+020 
2.550000e+000 1.400448e+020 
2.550400e+000 1.400133e+020 
2.550800e+000 1.399818e+020 
2.551200e+000 1.399503e+020 
2.551600e+000 1.399188e+020 
2.552000e+000 1.398873e+020 
2.552400e+000 1.398558e+020 
2.552800e+000 1.398243e+020 
2.553200e+000 1.397928e+020 
2.553600e+000 1.397613e+020 
2.554000e+000 1.397298e+020 
2.554400e+000 1.396982e+020 
2.554800e+000 1.396667e+020 
2.555200e+000 1.396352e+020 
2.555600e+000 1.396037e+020 
2.556000e+000 1.395722e+020 
2.556400e+000 1.395407e+020 
2.556800e+000 1.395092e+020 
2.557200e+000 1.394777e+020 
2.557600e+000 1.394462e+020 
2.558000e+000 1.394147e+020 
2.558400e+000 1.393832e+020 
2.558800e+000 1.393517e+020 
2.559200e+000 1.393202e+020 
2.559600e+000 1.392887e+020 
2.560000e+000 1.392572e+020 
2.560400e+000 1.392257e+020 
2.560800e+000 1.391942e+020 
2.561200e+000 1.391627e+020 
2.561600e+000 1.391312e+020 
2.562000e+000 1.390997e+020 
2.562400e+000 1.390682e+020 
2.562800e+000 1.390367e+020 
2.563200e+000 1.390052e+020 
2.563600e+000 1.389737e+020 
2.564000e+000 1.389422e+020 
2.564400e+000 1.389107e+020 
2.564800e+000 1.388792e+020 
2.565200e+000 1.388477e+020 
2.565600e+000 1.388162e+020 
2.566000e+000 1.387847e+020 
2.566400e+000 1.387532e+020 
2.566800e+000 1.387217e+020 
2.567200e+000 1.386902e+020 
2.567600e+000 1.386587e+020 
2.568000e+000 1.386271e+020 
2.568400e+000 1.385956e+020 
2.568800e+000 1.385641e+020 
2.569200e+000 1.385326e+020 
2.569600e+000 1.385011e+020 
2.570000e+000 1.384696e+020 
2.570400e+000 1.384381e+020 
2.570800e+000 1.384066e+020 
2.571200e+000 1.383751e+020 
2.571600e+000 1.383436e+020 
2.572000e+000 1.383121e+020 
2.572400e+000 1.382806e+020 
2.572800e+000 1.382491e+020 
2.573200e+000 1.382176e+020 
2.573600e+000 1.381861e+020 
2.574000e+000 1.381546e+020 
2.574400e+000 1.381231e+020 
2.574800e+000 1.380916e+020 
2.575200e+000 1.380601e+020 
2.575600e+000 1.380286e+020 
2.576000e+000 1.379971e+020 
2.576400e+000 1.379656e+020 
2.576800e+000 1.379341e+020 
2.577200e+000 1.379026e+020 
2.577600e+000 1.378711e+020 
2.578000e+000 1.378396e+020 
2.578400e+000 1.378081e+020 
2.578800e+000 1.377766e+020 
2.579200e+000 1.377451e+020 
2.579600e+000 1.377136e+020 
2.580000e+000 1.376821e+020 
2.580400e+000 1.376506e+020 
2.580800e+000 1.376191e+020 
2.581200e+000 1.375876e+020 
2.581600e+000 1.375560e+020 
2.582000e+000 1.375245e+020 
2.582400e+000 1.374930e+020 
2.582800e+000 1.374615e+020 
2.583200e+000 1.374300e+020 
2.583600e+000 1.373985e+020 
2.584000e+000 1.373670e+020 
2.584400e+000 1.373355e+020 
2.584800e+000 1.373040e+020 
2.585200e+000 1.372725e+020 
2.585600e+000 1.372410e+020 
2.586000e+000 1.372095e+020 
2.586400e+000 1.371780e+020 
2.586800e+000 1.371465e+020 
2.587200e+000 1.371150e+020 
2.587600e+000 1.370835e+020 
2.588000e+000 1.370520e+020 
2.588400e+000 1.370205e+020 
2.588800e+000 1.369890e+020 
2.589200e+000 1.369575e+020 
2.589600e+000 1.369260e+020 
2.590000e+000 1.368945e+020 
2.590400e+000 1.368630e+020 
2.590800e+000 1.368315e+020 
2.591200e+000 1.368000e+020 
2.591600e+000 1.367685e+020 
2.592000e+000 1.367370e+020 
2.592400e+000 1.367055e+020 
2.592800e+000 1.366740e+020 
2.593200e+000 1.366425e+020 
2.593600e+000 1.366110e+020 
2.594000e+000 1.365795e+020 
2.594400e+000 1.365480e+020 
2.594800e+000 1.365165e+020 
2.595200e+000 1.364849e+020 
2.595600e+000 1.364534e+020 
2.596000e+000 1.364219e+020 
2.596400e+000 1.363904e+020 
2.596800e+000 1.363589e+020 
2.597200e+000 1.363274e+020 
2.597600e+000 1.362959e+020 
2.598000e+000 1.362644e+020 
2.598400e+000 1.362329e+020 
2.598800e+000 1.362014e+020 
2.599200e+000 1.361699e+020 
2.599600e+000 1.361384e+020 
2.600000e+000 1.361069e+020 
2.600400e+000 1.360754e+020 
2.600800e+000 1.360439e+020 
2.601200e+000 1.360124e+020 
2.601600e+000 1.359809e+020 
2.602000e+000 1.359494e+020 
2.602400e+000 1.359179e+020 
2.602800e+000 1.358864e+020 
2.603200e+000 1.358549e+020 
2.603600e+000 1.358234e+020 
2.604000e+000 1.357919e+020 
2.604400e+000 1.357604e+020 
2.604800e+000 1.357289e+020 
2.605200e+000 1.356974e+020 
2.605600e+000 1.356659e+020 
2.606000e+000 1.356344e+020 
2.606400e+000 1.356029e+020 
2.606800e+000 1.355714e+020 
2.607200e+000 1.355399e+020 
2.607600e+000 1.355084e+020 
2.608000e+000 1.354769e+020 
2.608400e+000 1.354454e+020 
2.608800e+000 1.354138e+020 
2.609200e+000 1.353823e+020 
2.609600e+000 1.353508e+020 
2.610000e+000 1.353193e+020 
2.610400e+000 1.352878e+020 
2.610800e+000 1.352563e+020 
2.611200e+000 1.352248e+020 
2.611600e+000 1.351933e+020 
2.612000e+000 1.351618e+020 
2.612400e+000 1.351303e+020 
2.612800e+000 1.350988e+020 
2.613200e+000 1.350673e+020 
2.613600e+000 1.350358e+020 
2.614000e+000 1.350043e+020 
2.614400e+000 1.349728e+020 
2.614800e+000 1.349413e+020 
2.615200e+000 1.349098e+020 
2.615600e+000 1.348783e+020 
2.616000e+000 1.348468e+020 
2.616400e+000 1.348153e+020 
2.616800e+000 1.347838e+020 
2.617200e+000 1.347523e+020 
2.617600e+000 1.347208e+020 
2.618000e+000 1.346893e+020 
2.618400e+000 1.346578e+020 
2.618800e+000 1.346263e+020 
2.619200e+000 1.345948e+020 
2.619600e+000 1.345633e+020 
2.620000e+000 1.345318e+020 
2.620400e+000 1.345003e+020 
2.620800e+000 1.344688e+020 
2.621200e+000 1.344373e+020 
2.621600e+000 1.344058e+020 
2.622000e+000 1.343743e+020 
2.622400e+000 1.343428e+020 
2.622800e+000 1.343112e+020 
2.623200e+000 1.342797e+020 
2.623600e+000 1.342482e+020 
2.624000e+000 1.342167e+020 
2.624400e+000 1.341852e+020 
2.624800e+000 1.341537e+020 
2.625200e+000 1.341222e+020 
2.625600e+000 1.340907e+020 
2.626000e+000 1.340592e+020 
2.626400e+000 1.340277e+020 
2.626800e+000 1.339962e+020 
2.627200e+000 1.339647e+020 
2.627600e+000 1.339332e+020 
2.628000e+000 1.339017e+020 
2.628400e+000 1.338702e+020 
2.628800e+000 1.338387e+020 
2.629200e+000 1.338072e+020 
2.629600e+000 1.337757e+020 
2.630000e+000 1.337442e+020 
2.630400e+000 1.337127e+020 
2.630800e+000 1.336812e+020 
2.631200e+000 1.336497e+020 
2.631600e+000 1.336182e+020 
2.632000e+000 1.335867e+020 
2.632400e+000 1.335552e+020 
2.632800e+000 1.335237e+020 
2.633200e+000 1.334922e+020 
2.633600e+000 1.334607e+020 
2.634000e+000 1.334292e+020 
2.634400e+000 1.333977e+020 
2.634800e+000 1.333662e+020 
2.635200e+000 1.333347e+020 
2.635600e+000 1.333032e+020 
2.636000e+000 1.332717e+020 
2.636400e+000 1.332401e+020 
2.636800e+000 1.332086e+020 
2.637200e+000 1.331771e+020 
2.637600e+000 1.331456e+020 
2.638000e+000 1.331141e+020 
2.638400e+000 1.330826e+020 
2.638800e+000 1.330511e+020 
2.639200e+000 1.330196e+020 
2.639600e+000 1.329881e+020 
2.640000e+000 1.329566e+020 
2.640400e+000 1.329251e+020 
2.640800e+000 1.328936e+020 
2.641200e+000 1.328621e+020 
2.641600e+000 1.328306e+020 
2.642000e+000 1.327991e+020 
2.642400e+000 1.327676e+020 
2.642800e+000 1.327361e+020 
2.643200e+000 1.327046e+020 
2.643600e+000 1.326731e+020 
2.644000e+000 1.326416e+020 
2.644400e+000 1.326101e+020 
2.644800e+000 1.325786e+020 
2.645200e+000 1.325471e+020 
2.645600e+000 1.325156e+020 
2.646000e+000 1.324841e+020 
2.646400e+000 1.324526e+020 
2.646800e+000 1.324211e+020 
2.647200e+000 1.323896e+020 
2.647600e+000 1.323581e+020 
2.648000e+000 1.323266e+020 
2.648400e+000 1.322951e+020 
2.648800e+000 1.322636e+020 
2.649200e+000 1.322321e+020 
2.649600e+000 1.322006e+020 
2.650000e+000 1.321690e+020 
2.650400e+000 1.321375e+020 
2.650800e+000 1.321060e+020 
2.651200e+000 1.320745e+020 
2.651600e+000 1.320430e+020 
2.652000e+000 1.320115e+020 
2.652400e+000 1.319800e+020 
2.652800e+000 1.319485e+020 
2.653200e+000 1.319170e+020 
2.653600e+000 1.318855e+020 
2.654000e+000 1.318540e+020 
2.654400e+000 1.318225e+020 
2.654800e+000 1.317910e+020 
2.655200e+000 1.317595e+020 
2.655600e+000 1.317280e+020 
2.656000e+000 1.316965e+020 
2.656400e+000 1.316650e+020 
2.656800e+000 1.316335e+020 
2.657200e+000 1.316020e+020 
2.657600e+000 1.315705e+020 
2.658000e+000 1.315390e+020 
2.658400e+000 1.315075e+020 
2.658800e+000 1.314760e+020 
2.659200e+000 1.314445e+020 
2.659600e+000 1.314130e+020 
2.660000e+000 1.313815e+020 
2.660400e+000 1.313500e+020 
2.660800e+000 1.313185e+020 
2.661200e+000 1.312870e+020 
2.661600e+000 1.312555e+020 
2.662000e+000 1.312240e+020 
2.662400e+000 1.311925e+020 
2.662800e+000 1.311610e+020 
2.663200e+000 1.311295e+020 
2.663600e+000 1.310979e+020 
2.664000e+000 1.310664e+020 
2.664400e+000 1.310349e+020 
2.664800e+000 1.310034e+020 
2.665200e+000 1.309719e+020 
2.665600e+000 1.309404e+020 
2.666000e+000 1.309089e+020 
2.666400e+000 1.308774e+020 
2.666800e+000 1.308459e+020 
2.667200e+000 1.308144e+020 
2.667600e+000 1.307829e+020 
2.668000e+000 1.307514e+020 
2.668400e+000 1.307199e+020 
2.668800e+000 1.306884e+020 
2.669200e+000 1.306569e+020 
2.669600e+000 1.306254e+020 
2.670000e+000 1.305939e+020 
2.670400e+000 1.305624e+020 
2.670800e+000 1.305309e+020 
2.671200e+000 1.304994e+020 
2.671600e+000 1.304679e+020 
2.672000e+000 1.304364e+020 
2.672400e+000 1.304049e+020 
2.672800e+000 1.303734e+020 
2.673200e+000 1.303419e+020 
2.673600e+000 1.303104e+020 
2.674000e+000 1.302789e+020 
2.674400e+000 1.302474e+020 
2.674800e+000 1.302159e+020 
2.675200e+000 1.301844e+020 
2.675600e+000 1.301529e+020 
2.676000e+000 1.301214e+020 
2.676400e+000 1.300899e+020 
2.676800e+000 1.300584e+020 
2.677200e+000 1.300268e+020 
2.677600e+000 1.299953e+020 
2.678000e+000 1.299638e+020 
2.678400e+000 1.299323e+020 
2.678800e+000 1.299008e+020 
2.679200e+000 1.298693e+020 
2.679600e+000 1.298378e+020 
2.680000e+000 1.298063e+020 
2.680400e+000 1.297748e+020 
2.680800e+000 1.297433e+020 
2.681200e+000 1.297118e+020 
2.681600e+000 1.296803e+020 
2.682000e+000 1.296488e+020 
2.682400e+000 1.296173e+020 
2.682800e+000 1.295858e+020 
2.683200e+000 1.295543e+020 
2.683600e+000 1.295228e+020 
2.684000e+000 1.294913e+020 
2.684400e+000 1.294598e+020 
2.684800e+000 1.294283e+020 
2.685200e+000 1.293968e+020 
2.685600e+000 1.293653e+020 
2.686000e+000 1.293338e+020 
2.686400e+000 1.293023e+020 
2.686800e+000 1.292708e+020 
2.687200e+000 1.292393e+020 
2.687600e+000 1.292078e+020 
2.688000e+000 1.291763e+020 
2.688400e+000 1.291448e+020 
2.688800e+000 1.291133e+020 
2.689200e+000 1.290818e+020 
2.689600e+000 1.290503e+020 
2.690000e+000 1.290188e+020 
2.690400e+000 1.289873e+020 
2.690800e+000 1.289557e+020 
2.691200e+000 1.289242e+020 
2.691600e+000 1.288927e+020 
2.692000e+000 1.288612e+020 
2.692400e+000 1.288297e+020 
2.692800e+000 1.287982e+020 
2.693200e+000 1.287667e+020 
2.693600e+000 1.287352e+020 
2.694000e+000 1.287037e+020 
2.694400e+000 1.286722e+020 
2.694800e+000 1.286407e+020 
2.695200e+000 1.286092e+020 
2.695600e+000 1.285777e+020 
2.696000e+000 1.285462e+020 
2.696400e+000 1.285147e+020 
2.696800e+000 1.284832e+020 
2.697200e+000 1.284517e+020 
2.697600e+000 1.284202e+020 
2.698000e+000 1.283887e+020 
2.698400e+000 1.283572e+020 
2.698800e+000 1.283257e+020 
2.699200e+000 1.282942e+020 
2.699600e+000 1.282627e+020 
2.700000e+000 1.282312e+020 
2.700400e+000 1.281997e+020 
2.700800e+000 1.281682e+020 
2.701200e+000 1.281367e+020 
2.701600e+000 1.281052e+020 
2.702000e+000 1.280737e+020 
2.702400e+000 1.280422e+020 
2.702800e+000 1.280107e+020 
2.703200e+000 1.279792e+020 
2.703600e+000 1.279477e+020 
2.704000e+000 1.279161e+020 
2.704400e+000 1.278846e+020 
2.704800e+000 1.278531e+020 
2.705200e+000 1.278216e+020 
2.705600e+000 1.277901e+020 
2.706000e+000 1.277586e+020 
2.706400e+000 1.277271e+020 
2.706800e+000 1.276956e+020 
2.707200e+000 1.276641e+020 
2.707600e+000 1.276326e+020 
2.708000e+000 1.276011e+020 
2.708400e+000 1.275696e+020 
2.708800e+000 1.275381e+020 
2.709200e+000 1.275066e+020 
2.709600e+000 1.274751e+020 
2.710000e+000 1.274436e+020 
2.710400e+000 1.274121e+020 
2.710800e+000 1.273806e+020 
2.711200e+000 1.273491e+020 
2.711600e+000 1.273176e+020 
2.712000e+000 1.272861e+020 
2.712400e+000 1.272546e+020 
2.712800e+000 1.272231e+020 
2.713200e+000 1.271916e+020 
2.713600e+000 1.271601e+020 
2.714000e+000 1.271286e+020 
2.714400e+000 1.270971e+020 
2.714800e+000 1.270656e+020 
2.715200e+000 1.270341e+020 
2.715600e+000 1.270026e+020 
2.716000e+000 1.269711e+020 
2.716400e+000 1.269396e+020 
2.716800e+000 1.269080e+020 
2.717200e+000 1.268765e+020 
2.717600e+000 1.268450e+020 
2.718000e+000 1.268135e+020 
2.718400e+000 1.267820e+020 
2.718800e+000 1.267505e+020 
2.719200e+000 1.267190e+020 
2.719600e+000 1.266875e+020 
2.720000e+000 1.266560e+020 
2.720400e+000 1.266245e+020 
2.720800e+000 1.265930e+020 
2.721200e+000 1.265615e+020 
2.721600e+000 1.265300e+020 
2.722000e+000 1.264985e+020 
2.722400e+000 1.264670e+020 
2.722800e+000 1.264355e+020 
2.723200e+000 1.264040e+020 
2.723600e+000 1.263725e+020 
2.724000e+000 1.263410e+020 
2.724400e+000 1.263095e+020 
2.724800e+000 1.262780e+020 
2.725200e+000 1.262465e+020 
2.725600e+000 1.262150e+020 
2.726000e+000 1.261835e+020 
2.726400e+000 1.261520e+020 
2.726800e+000 1.261205e+020 
2.727200e+000 1.260890e+020 
2.727600e+000 1.260575e+020 
2.728000e+000 1.260259e+020 
2.728400e+000 1.259944e+020 
2.728800e+000 1.259629e+020 
2.729200e+000 1.259314e+020 
2.729600e+000 1.258999e+020 
2.730000e+000 1.258684e+020 
2.730400e+000 1.258369e+020 
2.730800e+000 1.258054e+020 
2.731200e+000 1.257739e+020 
2.731600e+000 1.257424e+020 
2.732000e+000 1.257109e+020 
2.732400e+000 1.256794e+020 
2.732800e+000 1.256479e+020 
2.733200e+000 1.256164e+020 
2.733600e+000 1.255849e+020 
2.734000e+000 1.255534e+020 
2.734400e+000 1.255219e+020 
2.734800e+000 1.254904e+020 
2.735200e+000 1.254589e+020 
2.735600e+000 1.254274e+020 
2.736000e+000 1.253959e+020 
2.736400e+000 1.253644e+020 
2.736800e+000 1.253329e+020 
2.737200e+000 1.253014e+020 
2.737600e+000 1.252698e+020 
2.738000e+000 1.252383e+020 
2.738400e+000 1.252068e+020 
2.738800e+000 1.251753e+020 
2.739200e+000 1.251438e+020 
2.739600e+000 1.251123e+020 
2.740000e+000 1.250808e+020 
2.740400e+000 1.250493e+020 
2.740800e+000 1.250178e+020 
2.741200e+000 1.249863e+020 
2.741600e+000 1.249548e+020 
2.742000e+000 1.249233e+020 
2.742400e+000 1.248918e+020 
2.742800e+000 1.248603e+020 
2.743200e+000 1.248288e+020 
2.743600e+000 1.247973e+020 
2.744000e+000 1.247658e+020 
2.744400e+000 1.247343e+020 
2.744800e+000 1.247027e+020 
2.745200e+000 1.246712e+020 
2.745600e+000 1.246397e+020 
2.746000e+000 1.246082e+020 
2.746400e+000 1.245767e+020 
2.746800e+000 1.245452e+020 
2.747200e+000 1.245137e+020 
2.747600e+000 1.244822e+020 
2.748000e+000 1.244507e+020 
2.748400e+000 1.244192e+020 
2.748800e+000 1.243877e+020 
2.749200e+000 1.243562e+020 
2.749600e+000 1.243247e+020 
2.750000e+000 1.242932e+020 
2.750400e+000 1.242616e+020 
2.750800e+000 1.242301e+020 
2.751200e+000 1.241986e+020 
2.751600e+000 1.241671e+020 
2.752000e+000 1.241356e+020 
2.752400e+000 1.241041e+020 
2.752800e+000 1.240726e+020 
2.753200e+000 1.240411e+020 
2.753600e+000 1.240096e+020 
2.754000e+000 1.239781e+020 
2.754400e+000 1.239466e+020 
2.754800e+000 1.239150e+020 
2.755200e+000 1.238835e+020 
2.755600e+000 1.238520e+020 
2.756000e+000 1.238205e+020 
2.756400e+000 1.237890e+020 
2.756800e+000 1.237575e+020 
2.757200e+000 1.237260e+020 
2.757600e+000 1.236945e+020 
2.758000e+000 1.236630e+020 
2.758400e+000 1.236314e+020 
2.758800e+000 1.235999e+020 
2.759200e+000 1.235684e+020 
2.759600e+000 1.235369e+020 
2.760000e+000 1.235054e+020 
2.760400e+000 1.234739e+020 
2.760800e+000 1.234424e+020 
2.761200e+000 1.234108e+020 
2.761600e+000 1.233793e+020 
2.762000e+000 1.233478e+020 
2.762400e+000 1.233163e+020 
2.762800e+000 1.232848e+020 
2.763200e+000 1.232533e+020 
2.763600e+000 1.232218e+020 
2.764000e+000 1.231902e+020 
2.764400e+000 1.231587e+020 
2.764800e+000 1.231272e+020 
2.765200e+000 1.230957e+020 
2.765600e+000 1.230642e+020 
2.766000e+000 1.230326e+020 
2.766400e+000 1.230011e+020 
2.766800e+000 1.229696e+020 
2.767200e+000 1.229381e+020 
2.767600e+000 1.229066e+020 
2.768000e+000 1.228750e+020 
2.768400e+000 1.228435e+020 
2.768800e+000 1.228120e+020 
2.769200e+000 1.227805e+020 
2.769600e+000 1.227489e+020 
2.770000e+000 1.227174e+020 
2.770400e+000 1.226859e+020 
2.770800e+000 1.226543e+020 
2.771200e+000 1.226228e+020 
2.771600e+000 1.225913e+020 
2.772000e+000 1.225598e+020 
2.772400e+000 1.225282e+020 
2.772800e+000 1.224967e+020 
2.773200e+000 1.224652e+020 
2.773600e+000 1.224336e+020 
2.774000e+000 1.224021e+020 
2.774400e+000 1.223706e+020 
2.774800e+000 1.223390e+020 
2.775200e+000 1.223075e+020 
2.775600e+000 1.222759e+020 
2.776000e+000 1.222444e+020 
2.776400e+000 1.222129e+020 
2.776800e+000 1.221813e+020 
2.777200e+000 1.221498e+020 
2.777600e+000 1.221182e+020 
2.778000e+000 1.220867e+020 
2.778400e+000 1.220551e+020 
2.778800e+000 1.220236e+020 
2.779200e+000 1.219920e+020 
2.779600e+000 1.219605e+020 
2.780000e+000 1.219289e+020 
2.780400e+000 1.218974e+020 
2.780800e+000 1.218658e+020 
2.781200e+000 1.218342e+020 
2.781600e+000 1.218027e+020 
2.782000e+000 1.217711e+020 
2.782400e+000 1.217396e+020 
2.782800e+000 1.217080e+020 
2.783200e+000 1.216764e+020 
2.783600e+000 1.216448e+020 
2.784000e+000 1.216133e+020 
2.784400e+000 1.215817e+020 
2.784800e+000 1.215501e+020 
2.785200e+000 1.215185e+020 
2.785600e+000 1.214870e+020 
2.786000e+000 1.214554e+020 
2.786400e+000 1.214238e+020 
2.786800e+000 1.213922e+020 
2.787200e+000 1.213606e+020 
2.787600e+000 1.213290e+020 
2.788000e+000 1.212974e+020 
2.788400e+000 1.212658e+020 
2.788800e+000 1.212342e+020 
2.789200e+000 1.212026e+020 
2.789600e+000 1.211710e+020 
2.790000e+000 1.211393e+020 
2.790400e+000 1.211077e+020 
2.790800e+000 1.210761e+020 
2.791200e+000 1.210445e+020 
2.791600e+000 1.210128e+020 
2.792000e+000 1.209812e+020 
2.792400e+000 1.209496e+020 
2.792800e+000 1.209179e+020 
2.793200e+000 1.208863e+020 
2.793600e+000 1.208546e+020 
2.794000e+000 1.208230e+020 
2.794400e+000 1.207913e+020 
2.794800e+000 1.207596e+020 
2.795200e+000 1.207280e+020 
2.795600e+000 1.206963e+020 
2.796000e+000 1.206646e+020 
2.796400e+000 1.206329e+020 
2.796800e+000 1.206012e+020 
2.797200e+000 1.205695e+020 
2.797600e+000 1.205378e+020 
2.798000e+000 1.205061e+020 
2.798400e+000 1.204744e+020 
2.798800e+000 1.204426e+020 
2.799200e+000 1.204109e+020 
2.799600e+000 1.203792e+020 
2.800000e+000 1.203474e+020 
2.800400e+000 1.203156e+020 
2.800800e+000 1.202839e+020 
2.801200e+000 1.202521e+020 
2.801600e+000 1.202203e+020 
2.802000e+000 1.201885e+020 
2.802400e+000 1.201567e+020 
2.802800e+000 1.201249e+020 
2.803200e+000 1.200931e+020 
2.803600e+000 1.200613e+020 
2.804000e+000 1.200294e+020 
2.804400e+000 1.199976e+020 
2.804800e+000 1.199657e+020 
2.805200e+000 1.199338e+020 
2.805600e+000 1.199019e+020 
2.806000e+000 1.198700e+020 
2.806400e+000 1.198381e+020 
2.806800e+000 1.198062e+020 
2.807200e+000 1.197742e+020 
2.807600e+000 1.197423e+020 
2.808000e+000 1.197103e+020 
2.808400e+000 1.196783e+020 
2.808800e+000 1.196463e+020 
2.809200e+000 1.196143e+020 
2.809600e+000 1.195823e+020 
2.810000e+000 1.195503e+020 
2.810400e+000 1.195182e+020 
2.810800e+000 1.194861e+020 
2.811200e+000 1.194540e+020 
2.811600e+000 1.194219e+020 
2.812000e+000 1.193897e+020 
2.812400e+000 1.193576e+020 
2.812800e+000 1.193254e+020 
2.813200e+000 1.192932e+020 
2.813600e+000 1.192610e+020 
2.814000e+000 1.192287e+020 
2.814400e+000 1.191965e+020 
2.814800e+000 1.191642e+020 
2.815200e+000 1.191318e+020 
2.815600e+000 1.190995e+020 
2.816000e+000 1.190671e+020 
2.816400e+000 1.190347e+020 
2.816800e+000 1.190023e+020 
2.817200e+000 1.189698e+020 
2.817600e+000 1.189373e+020 
2.818000e+000 1.189048e+020 
2.818400e+000 1.188723e+020 
2.818800e+000 1.188397e+020 
2.819200e+000 1.188071e+020 
2.819600e+000 1.187744e+020 
2.820000e+000 1.187417e+020 
2.820400e+000 1.187090e+020 
2.820800e+000 1.186762e+020 
2.821200e+000 1.186434e+020 
2.821600e+000 1.186105e+020 
2.822000e+000 1.185776e+020 
2.822400e+000 1.185447e+020 
2.822800e+000 1.185117e+020 
2.823200e+000 1.184787e+020 
2.823600e+000 1.184456e+020 
2.824000e+000 1.184125e+020 
2.824400e+000 1.183793e+020 
2.824800e+000 1.183461e+020 
2.825200e+000 1.183128e+020 
2.825600e+000 1.182794e+020 
2.826000e+000 1.182460e+020 
2.826400e+000 1.182125e+020 
2.826800e+000 1.181790e+020 
2.827200e+000 1.181454e+020 
2.827600e+000 1.181117e+020 
2.828000e+000 1.180780e+020 
2.828400e+000 1.180442e+020 
2.828800e+000 1.180103e+020 
2.829200e+000 1.179764e+020 
2.829600e+000 1.179424e+020 
2.830000e+000 1.179082e+020 
2.830400e+000 1.178741e+020 
2.830800e+000 1.178398e+020 
2.831200e+000 1.178054e+020 
2.831600e+000 1.177710e+020 
2.832000e+000 1.177364e+020 
2.832400e+000 1.177018e+020 
2.832800e+000 1.176670e+020 
2.833200e+000 1.176322e+020 
2.833600e+000 1.175972e+020 
2.834000e+000 1.175621e+020 
2.834400e+000 1.175270e+020 
2.834800e+000 1.174917e+020 
2.835200e+000 1.174562e+020 
2.835600e+000 1.174207e+020 
2.836000e+000 1.173850e+020 
2.836400e+000 1.173492e+020 
2.836800e+000 1.173133e+020 
2.837200e+000 1.172772e+020 
2.837600e+000 1.172410e+020 
2.838000e+000 1.172046e+020 
2.838400e+000 1.171681e+020 
2.838800e+000 1.171314e+020 
2.839200e+000 1.170945e+020 
2.839600e+000 1.170575e+020 
2.840000e+000 1.170203e+020 
2.840400e+000 1.169829e+020 
2.840800e+000 1.169454e+020 
2.841200e+000 1.169076e+020 
2.841600e+000 1.168696e+020 
2.842000e+000 1.168315e+020 
2.842400e+000 1.167931e+020 
2.842800e+000 1.167545e+020 
2.843200e+000 1.167157e+020 
2.843600e+000 1.166767e+020 
2.844000e+000 1.166374e+020 
2.844400e+000 1.165978e+020 
2.844800e+000 1.165580e+020 
2.845200e+000 1.165180e+020 
2.845600e+000 1.164777e+020 
2.846000e+000 1.164371e+020 
2.846400e+000 1.163962e+020 
2.846800e+000 1.163550e+020 
2.847200e+000 1.163135e+020 
2.847600e+000 1.162717e+020 
2.848000e+000 1.162295e+020 
2.848400e+000 1.161871e+020 
2.848800e+000 1.161443e+020 
2.849200e+000 1.161011e+020 
2.849600e+000 1.160575e+020 
2.850000e+000 1.160136e+020 
2.850400e+000 1.159693e+020 
2.850800e+000 1.159245e+020 
2.851200e+000 1.158794e+020 
2.851600e+000 1.158338e+020 
2.852000e+000 1.157878e+020 
2.852400e+000 1.157413e+020 
2.852800e+000 1.156944e+020 
2.853200e+000 1.156469e+020 
2.853600e+000 1.155990e+020 
2.854000e+000 1.155505e+020 
2.854400e+000 1.155015e+020 
2.854800e+000 1.154520e+020 
2.855200e+000 1.154019e+020 
2.855600e+000 1.153512e+020 
2.856000e+000 1.152999e+020 
2.856400e+000 1.152479e+020 
2.856800e+000 1.151954e+020 
2.857200e+000 1.151421e+020 
2.857600e+000 1.150882e+020 
2.858000e+000 1.150336e+020 
2.858400e+000 1.149782e+020 
2.858800e+000 1.149221e+020 
2.859200e+000 1.148653e+020 
2.859600e+000 1.148076e+020 
2.860000e+000 1.147491e+020 
2.860400e+000 1.146898e+020 
2.860800e+000 1.146296e+020 
2.861200e+000 1.145685e+020 
2.861600e+000 1.145064e+020 
2.862000e+000 1.144435e+020 
2.862400e+000 1.143795e+020 
2.862800e+000 1.143145e+020 
2.863200e+000 1.142485e+020 
2.863600e+000 1.141814e+020 
2.864000e+000 1.141132e+020 
2.864400e+000 1.140438e+020 
2.864800e+000 1.139733e+020 
2.865200e+000 1.139015e+020 
2.865600e+000 1.138285e+020 
2.866000e+000 1.137542e+020 
2.866400e+000 1.136786e+020 
2.866800e+000 1.136016e+020 
2.867200e+000 1.135232e+020 
2.867600e+000 1.134434e+020 
2.868000e+000 1.133620e+020 
2.868400e+000 1.132791e+020 
2.868800e+000 1.131947e+020 
2.869200e+000 1.131086e+020 
2.869600e+000 1.130208e+020 
2.870000e+000 1.129312e+020 
2.870400e+000 1.128399e+020 
2.870800e+000 1.127468e+020 
2.871200e+000 1.126518e+020 
2.871600e+000 1.125548e+020 
2.872000e+000 1.124558e+020 
2.872400e+000 1.123547e+020 
2.872800e+000 1.122516e+020 
2.873200e+000 1.121462e+020 
2.873600e+000 1.120386e+020 
2.874000e+000 1.119287e+020 
2.874400e+000 1.118164e+020 
2.874800e+000 1.117017e+020 
2.875200e+000 1.115844e+020 
2.875600e+000 1.114645e+020 
2.876000e+000 1.113420e+020 
2.876400e+000 1.112168e+020 
2.876800e+000 1.110887e+020 
2.877200e+000 1.109577e+020 
2.877600e+000 1.108237e+020 
2.878000e+000 1.106867e+020 
2.878400e+000 1.105466e+020 
2.878800e+000 1.104032e+020 
2.879200e+000 1.102565e+020 
2.879600e+000 1.101063e+020 
2.880000e+000 1.099527e+020 
2.880400e+000 1.097955e+020 
2.880800e+000 1.096345e+020 
2.881200e+000 1.094698e+020 
2.881600e+000 1.093012e+020 
2.882000e+000 1.091286e+020 
2.882400e+000 1.089518e+020 
2.882800e+000 1.087709e+020 
2.883200e+000 1.085856e+020 
2.883600e+000 1.083959e+020 
2.884000e+000 1.082017e+020 
2.884400e+000 1.080027e+020 
2.884800e+000 1.077991e+020 
2.885200e+000 1.075905e+020 
2.885600e+000 1.073769e+020 
2.886000e+000 1.071581e+020 
2.886400e+000 1.069341e+020 
2.886800e+000 1.067047e+020 
2.887200e+000 1.064697e+020 
2.887600e+000 1.062291e+020 
2.888000e+000 1.059827e+020 
2.888400e+000 1.057304e+020 
2.888800e+000 1.054721e+020 
2.889200e+000 1.052075e+020 
2.889600e+000 1.049367e+020 
2.890000e+000 1.046593e+020 
2.890400e+000 1.043754e+020 
2.890800e+000 1.040847e+020 
2.891200e+000 1.037871e+020 
2.891600e+000 1.034826e+020 
2.892000e+000 1.031708e+020 
2.892400e+000 1.028517e+020 
2.892800e+000 1.025252e+020 
2.893200e+000 1.021911e+020 
2.893600e+000 1.018492e+020 
2.894000e+000 1.014995e+020 
2.894400e+000 1.011417e+020 
2.894800e+000 1.007758e+020 
2.895200e+000 1.004015e+020 
2.895600e+000 1.000189e+020 
2.896000e+000 9.962761e+019 
2.896400e+000 9.922766e+019 
2.896800e+000 9.881887e+019 
2.897200e+000 9.840111e+019 
2.897600e+000 9.797426e+019 
2.898000e+000 9.753819e+019 
2.898400e+000 9.709278e+019 
2.898800e+000 9.663792e+019 
2.899200e+000 9.617350e+019 
2.899600e+000 9.569941e+019 
2.900000e+000 9.521555e+019 
2.900400e+000 9.472182e+019 
2.900800e+000 9.421813e+019 
2.901200e+000 9.370440e+019 
2.901600e+000 9.318055e+019 
2.902000e+000 9.264651e+019 
2.902400e+000 9.210221e+019 
2.902800e+000 9.154761e+019 
2.903200e+000 9.098265e+019 
2.903600e+000 9.040730e+019 
2.904000e+000 8.982153e+019 
2.904400e+000 8.922531e+019 
2.904800e+000 8.861863e+019 
2.905200e+000 8.800150e+019 
2.905600e+000 8.737393e+019 
2.906000e+000 8.673594e+019 
2.906400e+000 8.608756e+019 
2.906800e+000 8.542883e+019 
2.907200e+000 8.475982e+019 
2.907600e+000 8.408059e+019 
2.908000e+000 8.339123e+019 
2.908400e+000 8.269183e+019 
2.908800e+000 8.198249e+019 
2.909200e+000 8.126335e+019 
2.909600e+000 8.053453e+019 
2.910000e+000 7.979618e+019 
2.910400e+000 7.904847e+019 
2.910800e+000 7.829157e+019 
2.911200e+000 7.752567e+019 
2.911600e+000 7.675099e+019 
2.912000e+000 7.596773e+019 
2.912400e+000 7.517613e+019 
2.912800e+000 7.437644e+019 
2.913200e+000 7.356892e+019 
2.913600e+000 7.275383e+019 
2.914000e+000 7.193148e+019 
2.914400e+000 7.110215e+019 
2.914800e+000 7.026616e+019 
2.915200e+000 6.942383e+019 
2.915600e+000 6.857551e+019 
2.916000e+000 6.772153e+019 
2.916400e+000 6.686227e+019 
2.916800e+000 6.599808e+019 
2.917200e+000 6.512934e+019 
2.917600e+000 6.425645e+019 
2.918000e+000 6.337979e+019 
2.918400e+000 6.249978e+019 
2.918800e+000 6.161683e+019 
2.919200e+000 6.073134e+019 
2.919600e+000 5.984375e+019 
2.920000e+000 5.895448e+019 
2.920400e+000 5.806397e+019 
2.920800e+000 5.717263e+019 
2.921200e+000 5.628093e+019 
2.921600e+000 5.538928e+019 
2.922000e+000 5.449813e+019 
2.922400e+000 5.360792e+019 
2.922800e+000 5.271907e+019 
2.923200e+000 5.183204e+019 
2.923600e+000 5.094723e+019 
2.924000e+000 5.006509e+019 
2.924400e+000 4.918604e+019 
2.924800e+000 4.831048e+019 
2.925200e+000 4.743884e+019 
2.925600e+000 4.657151e+019 
2.926000e+000 4.570889e+019 
2.926400e+000 4.485136e+019 
2.926800e+000 4.399930e+019 
2.927200e+000 4.315308e+019 
2.927600e+000 4.231306e+019 
2.928000e+000 4.147958e+019 
2.928400e+000 4.065297e+019 
2.928800e+000 3.983357e+019 
2.929200e+000 3.902167e+019 
2.929600e+000 3.821757e+019 
2.930000e+000 3.742156e+019 
2.930400e+000 3.663391e+019 
2.930800e+000 3.585487e+019 
2.931200e+000 3.508470e+019 
2.931600e+000 3.432361e+019 
2.932000e+000 3.357182e+019 
2.932400e+000 3.282953e+019 
2.932800e+000 3.209692e+019 
2.933200e+000 3.137418e+019 
2.933600e+000 3.066145e+019 
2.934000e+000 2.995889e+019 
2.934400e+000 2.926661e+019 
2.934800e+000 2.858474e+019 
2.935200e+000 2.791338e+019 
2.935600e+000 2.725261e+019 
2.936000e+000 2.660252e+019 
2.936400e+000 2.596316e+019 
2.936800e+000 2.533458e+019 
2.937200e+000 2.471683e+019 
2.937600e+000 2.410993e+019 
2.938000e+000 2.351389e+019 
2.938400e+000 2.292871e+019 
2.938800e+000 2.235440e+019 
2.939200e+000 2.179093e+019 
2.939600e+000 2.123827e+019 
2.940000e+000 2.069639e+019 
2.940400e+000 2.016524e+019 
2.940800e+000 1.964476e+019 
2.941200e+000 1.913489e+019 
2.941600e+000 1.863556e+019 
2.942000e+000 1.814669e+019 
2.942400e+000 1.766820e+019 
2.942800e+000 1.719999e+019 
2.943200e+000 1.674196e+019 
2.943600e+000 1.629401e+019 
2.944000e+000 1.585603e+019 
2.944400e+000 1.542790e+019 
2.944800e+000 1.500951e+019 
2.945200e+000 1.460073e+019 
2.945600e+000 1.420143e+019 
2.946000e+000 1.381149e+019 
2.946400e+000 1.343076e+019 
2.946800e+000 1.305912e+019 
2.947200e+000 1.269641e+019 
2.947600e+000 1.234251e+019 
2.948000e+000 1.199726e+019 
2.948400e+000 1.166053e+019 
2.948800e+000 1.133216e+019 
2.949200e+000 1.101201e+019 
2.949600e+000 1.069992e+019 
2.950000e+000 1.039576e+019 
2.950400e+000 1.009937e+019 
2.950800e+000 9.810594e+018 
2.951200e+000 9.529295e+018 
2.951600e+000 9.255319e+018 
2.952000e+000 8.988518e+018 
2.952400e+000 8.728743e+018 
2.952800e+000 8.475848e+018 
2.953200e+000 8.229685e+018 
2.953600e+000 7.990110e+018 
2.954000e+000 7.756978e+018 
2.954400e+000 7.530147e+018 
2.954800e+000 7.309475e+018 
2.955200e+000 7.094822e+018 
2.955600e+000 6.886050e+018 
2.956000e+000 6.683022e+018 
2.956400e+000 6.485603e+018 
2.956800e+000 6.293661e+018 
2.957200e+000 6.107063e+018 
2.957600e+000 5.925681e+018 
2.958000e+000 5.749388e+018 
2.958400e+000 5.578057e+018 
2.958800e+000 5.411567e+018 
2.959200e+000 5.249795e+018 
2.959600e+000 5.092623e+018 
2.960000e+000 4.939933e+018 
2.960400e+000 4.791611e+018 
2.960800e+000 4.647545e+018 
2.961200e+000 4.507624e+018 
2.961600e+000 4.371740e+018 
2.962000e+000 4.239786e+018 
2.962400e+000 4.111660e+018 
2.962800e+000 3.987258e+018 
2.963200e+000 3.866482e+018 
2.963600e+000 3.749234e+018 
2.964000e+000 3.635418e+018 
2.964400e+000 3.524943e+018 
2.964800e+000 3.417715e+018 
2.965200e+000 3.313647e+018 
2.965600e+000 3.212652e+018 
2.966000e+000 3.114644e+018 
2.966400e+000 3.019540e+018 
2.966800e+000 2.927261e+018 
2.967200e+000 2.837725e+018 
2.967600e+000 2.750857e+018 
2.968000e+000 2.666582e+018 
2.968400e+000 2.584825e+018 
2.968800e+000 2.505516e+018 
2.969200e+000 2.428584e+018 
2.969600e+000 2.353962e+018 
2.970000e+000 2.281584e+018 
2.970400e+000 2.211385e+018 
2.970800e+000 2.143302e+018 
2.971200e+000 2.077275e+018 
2.971600e+000 2.013242e+018 
2.972000e+000 1.951148e+018 
2.972400e+000 1.890934e+018 
2.972800e+000 1.832547e+018 
2.973200e+000 1.775932e+018 
2.973600e+000 1.721038e+018 
2.974000e+000 1.667815e+018 
2.974400e+000 1.616212e+018 
2.974800e+000 1.566182e+018 
2.975200e+000 1.517679e+018 
2.975600e+000 1.470657e+018 
2.976000e+000 1.425073e+018 
2.976400e+000 1.380883e+018 
2.976800e+000 1.338046e+018 
2.977200e+000 1.296522e+018 
2.977600e+000 1.256271e+018 
2.978000e+000 1.217256e+018 
2.978400e+000 1.179438e+018 
2.978800e+000 1.142783e+018 
2.979200e+000 1.107256e+018 
2.979600e+000 1.072821e+018 
2.980000e+000 1.039447e+018 
2.980400e+000 1.007102e+018 
2.980800e+000 9.757532e+017 
2.981200e+000 9.453720e+017 
2.981600e+000 9.159286e+017 
2.982000e+000 8.873944e+017 
2.982400e+000 8.597420e+017 
2.982800e+000 8.329446e+017 
2.983200e+000 8.069760e+017 
2.983600e+000 7.818110e+017 
2.984000e+000 7.574252e+017 
2.984400e+000 7.337947e+017 
2.984800e+000 7.108965e+017 
2.985200e+000 6.887082e+017 
2.985600e+000 6.672081e+017 
2.986000e+000 6.463750e+017 
2.986400e+000 6.261886e+017 
2.986800e+000 6.066289e+017 
2.987200e+000 5.876769e+017 
2.987600e+000 5.693137e+017 
2.988000e+000 5.515213e+017 
2.988400e+000 5.342821e+017 
2.988800e+000 5.175792e+017 
2.989200e+000 5.013959e+017 
2.989600e+000 4.857163e+017 
2.990000e+000 4.705248e+017 
2.990400e+000 4.558064e+017 
2.990800e+000 4.415464e+017 
2.991200e+000 4.277308e+017 
2.991600e+000 4.143457e+017 
2.992000e+000 4.013779e+017 
2.992400e+000 3.888144e+017 
2.992800e+000 3.766427e+017 
2.993200e+000 3.648508e+017 
2.993600e+000 3.534267e+017 
2.994000e+000 3.423592e+017 
2.994400e+000 3.316372e+017 
2.994800e+000 3.212499e+017 
2.995200e+000 3.111870e+017 
2.995600e+000 3.014384e+017 
2.996000e+000 2.919943e+017 
2.996400e+000 2.828453e+017 
2.996800e+000 2.739821e+017 
2.997200e+000 2.653961e+017 
2.997600e+000 2.570784e+017 
2.998000e+000 2.490207e+017 
2.998400e+000 2.412150e+017 
2.998800e+000 2.336535e+017 
2.999200e+000 2.263284e+017 
2.999600e+000 2.192325e+017 
3.000000e+000 2.123586e+017 
3.000400e+000 2.056998e+017 
3.000800e+000 1.992494e+017 
3.001200e+000 1.930008e+017 
3.001600e+000 1.869479e+017 
3.002000e+000 1.810844e+017 
3.002400e+000 1.754046e+017 
3.002800e+000 1.699026e+017 
3.003200e+000 1.645729e+017 
3.003600e+000 1.594101e+017 
3.004000e+000 1.544090e+017 
3.004400e+000 1.495646e+017 
3.004800e+000 1.448720e+017 
3.005200e+000 1.403264e+017 
3.005600e+000 1.359232e+017 
3.006000e+000 1.316580e+017 
3.006400e+000 1.275264e+017 
3.006800e+000 1.235244e+017 
3.007200e+000 1.196478e+017 
3.007600e+000 1.158927e+017 
3.008000e+000 1.122553e+017 
3.008400e+000 1.087320e+017 
3.008800e+000 1.053191e+017 
3.009200e+000 1.020132e+017 
3.009600e+000 9.881101e+016 
3.010000e+000 9.570923e+016 
3.010400e+000 9.270472e+016 
3.010800e+000 8.979444e+016 
3.011200e+000 8.697544e+016 
3.011600e+000 8.424486e+016 
3.012000e+000 8.159993e+016 
3.012400e+000 7.903797e+016 
3.012800e+000 7.655638e+016 
3.013200e+000 7.415265e+016 
3.013600e+000 7.182433e+016 
3.014000e+000 6.956907e+016 
3.014400e+000 6.738457e+016 
3.014800e+000 6.526861e+016 
3.015200e+000 6.321905e+016 
3.015600e+000 6.123381e+016 
3.016000e+000 5.931087e+016 
3.016400e+000 5.744828e+016 
3.016800e+000 5.564414e+016 
3.017200e+000 5.389663e+016 
3.017600e+000 5.220396e+016 
3.018000e+000 5.056443e+016 
3.018400e+000 4.897636e+016 
3.018800e+000 4.743814e+016 
3.019200e+000 4.594820e+016 
3.019600e+000 4.450504e+016 
3.020000e+000 4.310718e+016 
3.020400e+000 4.175321e+016 
3.020800e+000 4.044174e+016 
3.021200e+000 3.917145e+016 
3.021600e+000 3.794104e+016 
3.022000e+000 3.674926e+016 
3.022400e+000 3.559490e+016 
3.022800e+000 3.447678e+016 
3.023200e+000 3.339378e+016 
3.023600e+000 3.234478e+016 
3.024000e+000 3.132872e+016 
3.024400e+000 3.034456e+016 
3.024800e+000 2.939131e+016 
3.025200e+000 2.846800e+016 
3.025600e+000 2.757368e+016 
3.026000e+000 2.670744e+016 
3.026400e+000 2.586841e+016 
3.026800e+000 2.505573e+016 
3.027200e+000 2.426857e+016 
3.027600e+000 2.350614e+016 
3.028000e+000 2.276765e+016 
3.028400e+000 2.205235e+016 
3.028800e+000 2.135952e+016 
3.029200e+000 2.068845e+016 
3.029600e+000 2.003846e+016 
3.030000e+000 1.940888e+016 
3.030400e+000 1.879908e+016 
3.030800e+000 1.820843e+016 
3.031200e+000 1.763634e+016 
3.031600e+000 1.708222e+016 
3.032000e+000 1.654550e+016 
3.032400e+000 1.602564e+016 
3.032800e+000 1.552211e+016 
3.033200e+000 1.503440e+016 
3.033600e+000 1.456201e+016 
3.034000e+000 1.410446e+016 
3.034400e+000 1.366128e+016 
3.034800e+000 1.323202e+016 
3.035200e+000 1.281625e+016 
3.035600e+000 1.241354e+016 
3.036000e+000 1.202348e+016 
3.036400e+000 1.164568e+016 
3.036800e+000 1.127974e+016 
3.037200e+000 1.092530e+016 
3.037600e+000 1.058200e+016 
3.038000e+000 1.024948e+016 
3.038400e+000 9.927411e+015 
3.038800e+000 9.615458e+015 
3.039200e+000 9.313306e+015 
3.039600e+000 9.020647e+015 
3.040000e+000 8.737183e+015 
3.040400e+000 8.462625e+015 
3.040800e+000 8.196693e+015 
3.041200e+000 7.939116e+015 
3.041600e+000 7.689633e+015 
3.042000e+000 7.447988e+015 
3.042400e+000 7.213935e+015 
3.042800e+000 6.987236e+015 
3.043200e+000 6.767660e+015 
3.043600e+000 6.554984e+015 
3.044000e+000 6.348989e+015 
3.044400e+000 6.149468e+015 
3.044800e+000 5.956215e+015 
3.045200e+000 5.769035e+015 
3.045600e+000 5.587736e+015 
3.046000e+000 5.412134e+015 
3.046400e+000 5.242049e+015 
3.046800e+000 5.077309e+015 
3.047200e+000 4.917746e+015 
3.047600e+000 4.763196e+015 
3.048000e+000 4.613503e+015 
3.048400e+000 4.468514e+015 
3.048800e+000 4.328080e+015 
3.049200e+000 4.192059e+015 
3.049600e+000 4.060313e+015 
3.050000e+000 3.932707e+015 
3.050400e+000 3.809110e+015 
3.050800e+000 3.689397e+015 
3.051200e+000 3.573446e+015 
3.051600e+000 3.461139e+015 
3.052000e+000 3.352361e+015 
3.052400e+000 3.247001e+015 
3.052800e+000 3.144952e+015 
3.053200e+000 3.046110e+015 
3.053600e+000 2.950374e+015 
3.054000e+000 2.857647e+015 
3.054400e+000 2.767834e+015 
3.054800e+000 2.680843e+015 
3.055200e+000 2.596585e+015 
3.055600e+000 2.514976e+015 
3.056000e+000 2.435931e+015 
3.056400e+000 2.359370e+015 
3.056800e+000 2.285216e+015 
3.057200e+000 2.213391e+015 
3.057600e+000 2.143824e+015 
3.058000e+000 2.076443e+015 
3.058400e+000 2.011180e+015 
3.058800e+000 1.947968e+015 
3.059200e+000 1.886742e+015 
3.059600e+000 1.827440e+015 
3.060000e+000 1.770003e+015 
3.060400e+000 1.714370e+015 
3.060800e+000 1.660485e+015 
3.061200e+000 1.608294e+015 
3.061600e+000 1.557744e+015 
3.062000e+000 1.508782e+015 
3.062400e+000 1.461358e+015 
3.062800e+000 1.415426e+015 
3.063200e+000 1.370936e+015 
3.063600e+000 1.327845e+015 
3.064000e+000 1.286109e+015 
3.064400e+000 1.245684e+015 
3.064800e+000 1.206529e+015 
3.065200e+000 1.168605e+015 
3.065600e+000 1.131873e+015 
3.066000e+000 1.096296e+015 
3.066400e+000 1.061836e+015 
3.066800e+000 1.028460e+015 
3.067200e+000 9.961326e+014 
3.067600e+000 9.648213e+014 
3.068000e+000 9.344941e+014 
3.068400e+000 9.051200e+014 
3.068800e+000 8.766692e+014 
3.069200e+000 8.491126e+014 
3.069600e+000 8.224221e+014 
3.070000e+000 7.965704e+014 
3.070400e+000 7.715313e+014 
3.070800e+000 7.472792e+014 
3.071200e+000 7.237894e+014 
3.071600e+000 7.010378e+014 
3.072000e+000 6.790014e+014 
3.072400e+000 6.576575e+014 
3.072800e+000 6.369845e+014 
3.073200e+000 6.169613e+014 
3.073600e+000 5.975675e+014 
3.074000e+000 5.787832e+014 
3.074400e+000 5.605893e+014 
3.074800e+000 5.429673e+014 
3.075200e+000 5.258992e+014 
3.075600e+000 5.093676e+014 
3.076000e+000 4.933556e+014 
3.076400e+000 4.778468e+014 
3.076800e+000 4.628256e+014 
3.077200e+000 4.482764e+014 
3.077600e+000 4.341847e+014 
3.078000e+000 4.205358e+014 
3.078400e+000 4.073159e+014 
3.078800e+000 3.945116e+014 
3.079200e+000 3.821098e+014 
3.079600e+000 3.700978e+014 
3.080000e+000 3.584633e+014 
3.080400e+000 3.471946e+014 
3.080800e+000 3.362801e+014 
3.081200e+000 3.257086e+014 
3.081600e+000 3.154695e+014 
3.082000e+000 3.055522e+014 
3.082400e+000 2.959466e+014 
3.082800e+000 2.866430e+014 
3.083200e+000 2.776318e+014 
3.083600e+000 2.689039e+014 
3.084000e+000 2.604503e+014 
3.084400e+000 2.522625e+014 
3.084800e+000 2.443320e+014 
3.085200e+000 2.366508e+014 
3.085600e+000 2.292111e+014 
3.086000e+000 2.220052e+014 
3.086400e+000 2.150259e+014 
3.086800e+000 2.082659e+014 
3.087200e+000 2.017185e+014 
3.087600e+000 1.953768e+014 
3.088000e+000 1.892345e+014 
3.088400e+000 1.832853e+014 
3.088800e+000 1.775231e+014 
3.089200e+000 1.719421e+014 
3.089600e+000 1.665364e+014 
3.090000e+000 1.613007e+014 
