R[m] ne[m^-3]
2.530000e+000 7.956981e+019 
2.530400e+000 7.954833e+019 
2.530800e+000 7.952681e+019 
2.531200e+000 7.950523e+019 
2.531600e+000 7.948361e+019 
2.532000e+000 7.946193e+019 
2.532400e+000 7.944021e+019 
2.532800e+000 7.941844e+019 
2.533200e+000 7.939661e+019 
2.533600e+000 7.937474e+019 
2.534000e+000 7.935282e+019 
2.534400e+000 7.933084e+019 
2.534800e+000 7.930881e+019 
2.535200e+000 7.928674e+019 
2.535600e+000 7.926461e+019 
2.536000e+000 7.924243e+019 
2.536400e+000 7.922019e+019 
2.536800e+000 7.919791e+019 
2.537200e+000 7.917557e+019 
2.537600e+000 7.915318e+019 
2.538000e+000 7.913073e+019 
2.538400e+000 7.910824e+019 
2.538800e+000 7.908568e+019 
2.539200e+000 7.906308e+019 
2.539600e+000 7.904042e+019 
2.540000e+000 7.901771e+019 
2.540400e+000 7.899494e+019 
2.540800e+000 7.897212e+019 
2.541200e+000 7.894924e+019 
2.541600e+000 7.892631e+019 
2.542000e+000 7.890332e+019 
2.542400e+000 7.888028e+019 
2.542800e+000 7.885718e+019 
2.543200e+000 7.883402e+019 
2.543600e+000 7.881081e+019 
2.544000e+000 7.878754e+019 
2.544400e+000 7.876422e+019 
2.544800e+000 7.874083e+019 
2.545200e+000 7.871739e+019 
2.545600e+000 7.869390e+019 
2.546000e+000 7.867034e+019 
2.546400e+000 7.864672e+019 
2.546800e+000 7.862305e+019 
2.547200e+000 7.859932e+019 
2.547600e+000 7.857553e+019 
2.548000e+000 7.855168e+019 
2.548400e+000 7.852777e+019 
2.548800e+000 7.850380e+019 
2.549200e+000 7.847977e+019 
2.549600e+000 7.845568e+019 
2.550000e+000 7.843153e+019 
2.550400e+000 7.840732e+019 
2.550800e+000 7.838304e+019 
2.551200e+000 7.835871e+019 
2.551600e+000 7.833431e+019 
2.552000e+000 7.830986e+019 
2.552400e+000 7.828533e+019 
2.552800e+000 7.826075e+019 
2.553200e+000 7.823611e+019 
2.553600e+000 7.821140e+019 
2.554000e+000 7.818663e+019 
2.554400e+000 7.816179e+019 
2.554800e+000 7.813689e+019 
2.555200e+000 7.811193e+019 
2.555600e+000 7.808690e+019 
2.556000e+000 7.806180e+019 
2.556400e+000 7.803665e+019 
2.556800e+000 7.801142e+019 
2.557200e+000 7.798613e+019 
2.557600e+000 7.796078e+019 
2.558000e+000 7.793536e+019 
2.558400e+000 7.790987e+019 
2.558800e+000 7.788431e+019 
2.559200e+000 7.785869e+019 
2.559600e+000 7.783300e+019 
2.560000e+000 7.780725e+019 
2.560400e+000 7.778142e+019 
2.560800e+000 7.775553e+019 
2.561200e+000 7.772957e+019 
2.561600e+000 7.770354e+019 
2.562000e+000 7.767744e+019 
2.562400e+000 7.765127e+019 
2.562800e+000 7.762503e+019 
2.563200e+000 7.759872e+019 
2.563600e+000 7.757234e+019 
2.564000e+000 7.754589e+019 
2.564400e+000 7.751937e+019 
2.564800e+000 7.749278e+019 
2.565200e+000 7.746612e+019 
2.565600e+000 7.743938e+019 
2.566000e+000 7.741258e+019 
2.566400e+000 7.738570e+019 
2.566800e+000 7.735874e+019 
2.567200e+000 7.733172e+019 
2.567600e+000 7.730462e+019 
2.568000e+000 7.727745e+019 
2.568400e+000 7.725020e+019 
2.568800e+000 7.722288e+019 
2.569200e+000 7.719548e+019 
2.569600e+000 7.716801e+019 
2.570000e+000 7.714047e+019 
2.570400e+000 7.711285e+019 
2.570800e+000 7.708515e+019 
2.571200e+000 7.705737e+019 
2.571600e+000 7.702952e+019 
2.572000e+000 7.700160e+019 
2.572400e+000 7.697359e+019 
2.572800e+000 7.694551e+019 
2.573200e+000 7.691735e+019 
2.573600e+000 7.688911e+019 
2.574000e+000 7.686080e+019 
2.574400e+000 7.683240e+019 
2.574800e+000 7.680393e+019 
2.575200e+000 7.677537e+019 
2.575600e+000 7.674674e+019 
2.576000e+000 7.671803e+019 
2.576400e+000 7.668923e+019 
2.576800e+000 7.666036e+019 
2.577200e+000 7.663140e+019 
2.577600e+000 7.660236e+019 
2.578000e+000 7.657324e+019 
2.578400e+000 7.654404e+019 
2.578800e+000 7.651476e+019 
2.579200e+000 7.648539e+019 
2.579600e+000 7.645594e+019 
2.580000e+000 7.642641e+019 
2.580400e+000 7.639679e+019 
2.580800e+000 7.636709e+019 
2.581200e+000 7.633730e+019 
2.581600e+000 7.630743e+019 
2.582000e+000 7.627747e+019 
2.582400e+000 7.624743e+019 
2.582800e+000 7.621730e+019 
2.583200e+000 7.618709e+019 
2.583600e+000 7.615679e+019 
2.584000e+000 7.612640e+019 
2.584400e+000 7.609592e+019 
2.584800e+000 7.606536e+019 
2.585200e+000 7.603471e+019 
2.585600e+000 7.600397e+019 
2.586000e+000 7.597314e+019 
2.586400e+000 7.594223e+019 
2.586800e+000 7.591122e+019 
2.587200e+000 7.588012e+019 
2.587600e+000 7.584894e+019 
2.588000e+000 7.581766e+019 
2.588400e+000 7.578629e+019 
2.588800e+000 7.575483e+019 
2.589200e+000 7.572328e+019 
2.589600e+000 7.569164e+019 
2.590000e+000 7.565990e+019 
2.590400e+000 7.562807e+019 
2.590800e+000 7.559615e+019 
2.591200e+000 7.556414e+019 
2.591600e+000 7.553203e+019 
2.592000e+000 7.549983e+019 
2.592400e+000 7.546753e+019 
2.592800e+000 7.543514e+019 
2.593200e+000 7.540265e+019 
2.593600e+000 7.537007e+019 
2.594000e+000 7.533739e+019 
2.594400e+000 7.530462e+019 
2.594800e+000 7.527174e+019 
2.595200e+000 7.523877e+019 
2.595600e+000 7.520571e+019 
2.596000e+000 7.517254e+019 
2.596400e+000 7.513928e+019 
2.596800e+000 7.510592e+019 
2.597200e+000 7.507246e+019 
2.597600e+000 7.503890e+019 
2.598000e+000 7.500524e+019 
2.598400e+000 7.497148e+019 
2.598800e+000 7.493762e+019 
2.599200e+000 7.490365e+019 
2.599600e+000 7.486959e+019 
2.600000e+000 7.483543e+019 
2.600400e+000 7.480116e+019 
2.600800e+000 7.476679e+019 
2.601200e+000 7.473232e+019 
2.601600e+000 7.469774e+019 
2.602000e+000 7.466306e+019 
2.602400e+000 7.462828e+019 
2.602800e+000 7.459339e+019 
2.603200e+000 7.455840e+019 
2.603600e+000 7.452330e+019 
2.604000e+000 7.448810e+019 
2.604400e+000 7.445279e+019 
2.604800e+000 7.441737e+019 
2.605200e+000 7.438185e+019 
2.605600e+000 7.434622e+019 
2.606000e+000 7.431048e+019 
2.606400e+000 7.427464e+019 
2.606800e+000 7.423869e+019 
2.607200e+000 7.420262e+019 
2.607600e+000 7.416645e+019 
2.608000e+000 7.413017e+019 
2.608400e+000 7.409378e+019 
2.608800e+000 7.405728e+019 
2.609200e+000 7.402067e+019 
2.609600e+000 7.398394e+019 
2.610000e+000 7.394711e+019 
2.610400e+000 7.391016e+019 
2.610800e+000 7.387310e+019 
2.611200e+000 7.383593e+019 
2.611600e+000 7.379865e+019 
2.612000e+000 7.376125e+019 
2.612400e+000 7.372373e+019 
2.612800e+000 7.368611e+019 
2.613200e+000 7.364837e+019 
2.613600e+000 7.361051e+019 
2.614000e+000 7.357254e+019 
2.614400e+000 7.353445e+019 
2.614800e+000 7.349624e+019 
2.615200e+000 7.345792e+019 
2.615600e+000 7.341948e+019 
2.616000e+000 7.338093e+019 
2.616400e+000 7.334225e+019 
2.616800e+000 7.330346e+019 
2.617200e+000 7.326454e+019 
2.617600e+000 7.322551e+019 
2.618000e+000 7.318636e+019 
2.618400e+000 7.314709e+019 
2.618800e+000 7.310770e+019 
2.619200e+000 7.306819e+019 
2.619600e+000 7.302855e+019 
2.620000e+000 7.298880e+019 
2.620400e+000 7.294892e+019 
2.620800e+000 7.290892e+019 
2.621200e+000 7.286880e+019 
2.621600e+000 7.282855e+019 
2.622000e+000 7.278818e+019 
2.622400e+000 7.274768e+019 
2.622800e+000 7.270706e+019 
2.623200e+000 7.266632e+019 
2.623600e+000 7.262545e+019 
2.624000e+000 7.258445e+019 
2.624400e+000 7.254333e+019 
2.624800e+000 7.250208e+019 
2.625200e+000 7.246070e+019 
2.625600e+000 7.241920e+019 
2.626000e+000 7.237757e+019 
2.626400e+000 7.233581e+019 
2.626800e+000 7.229392e+019 
2.627200e+000 7.225190e+019 
2.627600e+000 7.220975e+019 
2.628000e+000 7.216748e+019 
2.628400e+000 7.212507e+019 
2.628800e+000 7.208253e+019 
2.629200e+000 7.203986e+019 
2.629600e+000 7.199706e+019 
2.630000e+000 7.195412e+019 
2.630400e+000 7.191106e+019 
2.630800e+000 7.186786e+019 
2.631200e+000 7.182452e+019 
2.631600e+000 7.178106e+019 
2.632000e+000 7.173745e+019 
2.632400e+000 7.169372e+019 
2.632800e+000 7.164985e+019 
2.633200e+000 7.160584e+019 
2.633600e+000 7.156170e+019 
2.634000e+000 7.151742e+019 
2.634400e+000 7.147300e+019 
2.634800e+000 7.142845e+019 
2.635200e+000 7.138376e+019 
2.635600e+000 7.133893e+019 
2.636000e+000 7.129397e+019 
2.636400e+000 7.124886e+019 
2.636800e+000 7.120362e+019 
2.637200e+000 7.115824e+019 
2.637600e+000 7.111271e+019 
2.638000e+000 7.106705e+019 
2.638400e+000 7.102124e+019 
2.638800e+000 7.097530e+019 
2.639200e+000 7.092921e+019 
2.639600e+000 7.088298e+019 
2.640000e+000 7.083661e+019 
2.640400e+000 7.079009e+019 
2.640800e+000 7.074343e+019 
2.641200e+000 7.069663e+019 
2.641600e+000 7.064968e+019 
2.642000e+000 7.060259e+019 
2.642400e+000 7.055535e+019 
2.642800e+000 7.050797e+019 
2.643200e+000 7.046045e+019 
2.643600e+000 7.041277e+019 
2.644000e+000 7.036495e+019 
2.644400e+000 7.031699e+019 
2.644800e+000 7.026887e+019 
2.645200e+000 7.022061e+019 
2.645600e+000 7.017220e+019 
2.646000e+000 7.012364e+019 
2.646400e+000 7.007493e+019 
2.646800e+000 7.002607e+019 
2.647200e+000 6.997707e+019 
2.647600e+000 6.992791e+019 
2.648000e+000 6.987860e+019 
2.648400e+000 6.982914e+019 
2.648800e+000 6.977953e+019 
2.649200e+000 6.972977e+019 
2.649600e+000 6.967986e+019 
2.650000e+000 6.962979e+019 
2.650400e+000 6.957957e+019 
2.650800e+000 6.952920e+019 
2.651200e+000 6.947867e+019 
2.651600e+000 6.942799e+019 
2.652000e+000 6.937716e+019 
2.652400e+000 6.932617e+019 
2.652800e+000 6.927502e+019 
2.653200e+000 6.922372e+019 
2.653600e+000 6.917226e+019 
2.654000e+000 6.912065e+019 
2.654400e+000 6.906888e+019 
2.654800e+000 6.901695e+019 
2.655200e+000 6.896487e+019 
2.655600e+000 6.891262e+019 
2.656000e+000 6.886022e+019 
2.656400e+000 6.880766e+019 
2.656800e+000 6.875494e+019 
2.657200e+000 6.870206e+019 
2.657600e+000 6.864903e+019 
2.658000e+000 6.859583e+019 
2.658400e+000 6.854247e+019 
2.658800e+000 6.848895e+019 
2.659200e+000 6.843527e+019 
2.659600e+000 6.838142e+019 
2.660000e+000 6.832742e+019 
2.660400e+000 6.827325e+019 
2.660800e+000 6.821892e+019 
2.661200e+000 6.816443e+019 
2.661600e+000 6.810977e+019 
2.662000e+000 6.805495e+019 
2.662400e+000 6.799997e+019 
2.662800e+000 6.794482e+019 
2.663200e+000 6.788951e+019 
2.663600e+000 6.783403e+019 
2.664000e+000 6.777839e+019 
2.664400e+000 6.772258e+019 
2.664800e+000 6.766660e+019 
2.665200e+000 6.761046e+019 
2.665600e+000 6.755415e+019 
2.666000e+000 6.749767e+019 
2.666400e+000 6.744103e+019 
2.666800e+000 6.738421e+019 
2.667200e+000 6.732723e+019 
2.667600e+000 6.727009e+019 
2.668000e+000 6.721277e+019 
2.668400e+000 6.715528e+019 
2.668800e+000 6.709763e+019 
2.669200e+000 6.703980e+019 
2.669600e+000 6.698180e+019 
2.670000e+000 6.692364e+019 
2.670400e+000 6.686530e+019 
2.670800e+000 6.680679e+019 
2.671200e+000 6.674811e+019 
2.671600e+000 6.668926e+019 
2.672000e+000 6.663024e+019 
2.672400e+000 6.657105e+019 
2.672800e+000 6.651168e+019 
2.673200e+000 6.645214e+019 
2.673600e+000 6.639242e+019 
2.674000e+000 6.633254e+019 
2.674400e+000 6.627248e+019 
2.674800e+000 6.621224e+019 
2.675200e+000 6.615183e+019 
2.675600e+000 6.609125e+019 
2.676000e+000 6.603049e+019 
2.676400e+000 6.596956e+019 
2.676800e+000 6.590845e+019 
2.677200e+000 6.584717e+019 
2.677600e+000 6.578571e+019 
2.678000e+000 6.572407e+019 
2.678400e+000 6.566226e+019 
2.678800e+000 6.560027e+019 
2.679200e+000 6.553811e+019 
2.679600e+000 6.547576e+019 
2.680000e+000 6.541324e+019 
2.680400e+000 6.535055e+019 
2.680800e+000 6.528767e+019 
2.681200e+000 6.522462e+019 
2.681600e+000 6.516139e+019 
2.682000e+000 6.509798e+019 
2.682400e+000 6.503439e+019 
2.682800e+000 6.497062e+019 
2.683200e+000 6.490667e+019 
2.683600e+000 6.484255e+019 
2.684000e+000 6.477824e+019 
2.684400e+000 6.471376e+019 
2.684800e+000 6.464909e+019 
2.685200e+000 6.458425e+019 
2.685600e+000 6.451922e+019 
2.686000e+000 6.445401e+019 
2.686400e+000 6.438863e+019 
2.686800e+000 6.432306e+019 
2.687200e+000 6.425731e+019 
2.687600e+000 6.419138e+019 
2.688000e+000 6.412527e+019 
2.688400e+000 6.405897e+019 
2.688800e+000 6.399250e+019 
2.689200e+000 6.392584e+019 
2.689600e+000 6.385900e+019 
2.690000e+000 6.379198e+019 
2.690400e+000 6.372477e+019 
2.690800e+000 6.365739e+019 
2.691200e+000 6.358982e+019 
2.691600e+000 6.352206e+019 
2.692000e+000 6.345413e+019 
2.692400e+000 6.338601e+019 
2.692800e+000 6.331771e+019 
2.693200e+000 6.324922e+019 
2.693600e+000 6.318055e+019 
2.694000e+000 6.311170e+019 
2.694400e+000 6.304267e+019 
2.694800e+000 6.297345e+019 
2.695200e+000 6.290404e+019 
2.695600e+000 6.283445e+019 
2.696000e+000 6.276468e+019 
2.696400e+000 6.269473e+019 
2.696800e+000 6.262459e+019 
2.697200e+000 6.255426e+019 
2.697600e+000 6.248375e+019 
2.698000e+000 6.241306e+019 
2.698400e+000 6.234218e+019 
2.698800e+000 6.227112e+019 
2.699200e+000 6.219987e+019 
2.699600e+000 6.212844e+019 
2.700000e+000 6.205682e+019 
2.700400e+000 6.198502e+019 
2.700800e+000 6.191304e+019 
2.701200e+000 6.184087e+019 
2.701600e+000 6.176851e+019 
2.702000e+000 6.169597e+019 
2.702400e+000 6.162324e+019 
2.702800e+000 6.155033e+019 
2.703200e+000 6.147724e+019 
2.703600e+000 6.140396e+019 
2.704000e+000 6.133049e+019 
2.704400e+000 6.125684e+019 
2.704800e+000 6.118301e+019 
2.705200e+000 6.110899e+019 
2.705600e+000 6.103478e+019 
2.706000e+000 6.096039e+019 
2.706400e+000 6.088582e+019 
2.706800e+000 6.081106e+019 
2.707200e+000 6.073612e+019 
2.707600e+000 6.066099e+019 
2.708000e+000 6.058568e+019 
2.708400e+000 6.051018e+019 
2.708800e+000 6.043450e+019 
2.709200e+000 6.035863e+019 
2.709600e+000 6.028258e+019 
2.710000e+000 6.020635e+019 
2.710400e+000 6.012993e+019 
2.710800e+000 6.005333e+019 
2.711200e+000 5.997655e+019 
2.711600e+000 5.989958e+019 
2.712000e+000 5.982242e+019 
2.712400e+000 5.974509e+019 
2.712800e+000 5.966757e+019 
2.713200e+000 5.958986e+019 
2.713600e+000 5.951198e+019 
2.714000e+000 5.943391e+019 
2.714400e+000 5.935566e+019 
2.714800e+000 5.927722e+019 
2.715200e+000 5.919860e+019 
2.715600e+000 5.911981e+019 
2.716000e+000 5.904082e+019 
2.716400e+000 5.896166e+019 
2.716800e+000 5.888232e+019 
2.717200e+000 5.880279e+019 
2.717600e+000 5.872308e+019 
2.718000e+000 5.864319e+019 
2.718400e+000 5.856312e+019 
2.718800e+000 5.848287e+019 
2.719200e+000 5.840244e+019 
2.719600e+000 5.832183e+019 
2.720000e+000 5.824104e+019 
2.720400e+000 5.816007e+019 
2.720800e+000 5.807891e+019 
2.721200e+000 5.799758e+019 
2.721600e+000 5.791608e+019 
2.722000e+000 5.783439e+019 
2.722400e+000 5.775252e+019 
2.722800e+000 5.767048e+019 
2.723200e+000 5.758826e+019 
2.723600e+000 5.750586e+019 
2.724000e+000 5.742328e+019 
2.724400e+000 5.734052e+019 
2.724800e+000 5.725759e+019 
2.725200e+000 5.717449e+019 
2.725600e+000 5.709120e+019 
2.726000e+000 5.700775e+019 
2.726400e+000 5.692411e+019 
2.726800e+000 5.684030e+019 
2.727200e+000 5.675632e+019 
2.727600e+000 5.667216e+019 
2.728000e+000 5.658783e+019 
2.728400e+000 5.650333e+019 
2.728800e+000 5.641865e+019 
2.729200e+000 5.633380e+019 
2.729600e+000 5.624877e+019 
2.730000e+000 5.616358e+019 
2.730400e+000 5.607821e+019 
2.730800e+000 5.599267e+019 
2.731200e+000 5.590697e+019 
2.731600e+000 5.582109e+019 
2.732000e+000 5.573504e+019 
2.732400e+000 5.564882e+019 
2.732800e+000 5.556243e+019 
2.733200e+000 5.547588e+019 
2.733600e+000 5.538916e+019 
2.734000e+000 5.530227e+019 
2.734400e+000 5.521521e+019 
2.734800e+000 5.512798e+019 
2.735200e+000 5.504059e+019 
2.735600e+000 5.495304e+019 
2.736000e+000 5.486532e+019 
2.736400e+000 5.477743e+019 
2.736800e+000 5.468938e+019 
2.737200e+000 5.460117e+019 
2.737600e+000 5.451279e+019 
2.738000e+000 5.442426e+019 
2.738400e+000 5.433556e+019 
2.738800e+000 5.424670e+019 
2.739200e+000 5.415767e+019 
2.739600e+000 5.406849e+019 
2.740000e+000 5.397915e+019 
2.740400e+000 5.388965e+019 
2.740800e+000 5.379999e+019 
2.741200e+000 5.371017e+019 
2.741600e+000 5.362020e+019 
2.742000e+000 5.353007e+019 
2.742400e+000 5.343978e+019 
2.742800e+000 5.334934e+019 
2.743200e+000 5.325875e+019 
2.743600e+000 5.316800e+019 
2.744000e+000 5.307709e+019 
2.744400e+000 5.298604e+019 
2.744800e+000 5.289483e+019 
2.745200e+000 5.280347e+019 
2.745600e+000 5.271196e+019 
2.746000e+000 5.262030e+019 
2.746400e+000 5.252849e+019 
2.746800e+000 5.243653e+019 
2.747200e+000 5.234442e+019 
2.747600e+000 5.225217e+019 
2.748000e+000 5.215977e+019 
2.748400e+000 5.206722e+019 
2.748800e+000 5.197453e+019 
2.749200e+000 5.188169e+019 
2.749600e+000 5.178871e+019 
2.750000e+000 5.169559e+019 
2.750400e+000 5.160233e+019 
2.750800e+000 5.150892e+019 
2.751200e+000 5.141538e+019 
2.751600e+000 5.132169e+019 
2.752000e+000 5.122787e+019 
2.752400e+000 5.113391e+019 
2.752800e+000 5.103981e+019 
2.753200e+000 5.094557e+019 
2.753600e+000 5.085120e+019 
2.754000e+000 5.075669e+019 
2.754400e+000 5.066205e+019 
2.754800e+000 5.056728e+019 
2.755200e+000 5.047237e+019 
2.755600e+000 5.037733e+019 
2.756000e+000 5.028216e+019 
2.756400e+000 5.018687e+019 
2.756800e+000 5.009144e+019 
2.757200e+000 4.999588e+019 
2.757600e+000 4.990020e+019 
2.758000e+000 4.980439e+019 
2.758400e+000 4.970846e+019 
2.758800e+000 4.961240e+019 
2.759200e+000 4.951622e+019 
2.759600e+000 4.941991e+019 
2.760000e+000 4.932349e+019 
2.760400e+000 4.922694e+019 
2.760800e+000 4.913027e+019 
2.761200e+000 4.903349e+019 
2.761600e+000 4.893658e+019 
2.762000e+000 4.883956e+019 
2.762400e+000 4.874243e+019 
2.762800e+000 4.864518e+019 
2.763200e+000 4.854781e+019 
2.763600e+000 4.845033e+019 
2.764000e+000 4.835274e+019 
2.764400e+000 4.825504e+019 
2.764800e+000 4.815723e+019 
2.765200e+000 4.805930e+019 
2.765600e+000 4.796127e+019 
2.766000e+000 4.786314e+019 
2.766400e+000 4.776490e+019 
2.766800e+000 4.766655e+019 
2.767200e+000 4.756810e+019 
2.767600e+000 4.746954e+019 
2.768000e+000 4.737089e+019 
2.768400e+000 4.727213e+019 
2.768800e+000 4.717327e+019 
2.769200e+000 4.707432e+019 
2.769600e+000 4.697526e+019 
2.770000e+000 4.687611e+019 
2.770400e+000 4.677687e+019 
2.770800e+000 4.667753e+019 
2.771200e+000 4.657809e+019 
2.771600e+000 4.647857e+019 
2.772000e+000 4.637895e+019 
2.772400e+000 4.627925e+019 
2.772800e+000 4.617945e+019 
2.773200e+000 4.607957e+019 
2.773600e+000 4.597960e+019 
2.774000e+000 4.587954e+019 
2.774400e+000 4.577940e+019 
2.774800e+000 4.567918e+019 
2.775200e+000 4.557888e+019 
2.775600e+000 4.547849e+019 
2.776000e+000 4.537803e+019 
2.776400e+000 4.527748e+019 
2.776800e+000 4.517686e+019 
2.777200e+000 4.507616e+019 
2.777600e+000 4.497539e+019 
2.778000e+000 4.487454e+019 
2.778400e+000 4.477362e+019 
2.778800e+000 4.467263e+019 
2.779200e+000 4.457157e+019 
2.779600e+000 4.447044e+019 
2.780000e+000 4.436924e+019 
2.780400e+000 4.426798e+019 
2.780800e+000 4.416665e+019 
2.781200e+000 4.406525e+019 
2.781600e+000 4.396379e+019 
2.782000e+000 4.386227e+019 
2.782400e+000 4.376069e+019 
2.782800e+000 4.365905e+019 
2.783200e+000 4.355735e+019 
2.783600e+000 4.345560e+019 
2.784000e+000 4.335379e+019 
2.784400e+000 4.325192e+019 
2.784800e+000 4.315000e+019 
2.785200e+000 4.304803e+019 
2.785600e+000 4.294601e+019 
2.786000e+000 4.284394e+019 
2.786400e+000 4.274182e+019 
2.786800e+000 4.263966e+019 
2.787200e+000 4.253745e+019 
2.787600e+000 4.243519e+019 
2.788000e+000 4.233289e+019 
2.788400e+000 4.223055e+019 
2.788800e+000 4.212817e+019 
2.789200e+000 4.202575e+019 
2.789600e+000 4.192329e+019 
2.790000e+000 4.182080e+019 
2.790400e+000 4.171827e+019 
2.790800e+000 4.161571e+019 
2.791200e+000 4.151311e+019 
2.791600e+000 4.141048e+019 
2.792000e+000 4.130783e+019 
2.792400e+000 4.120514e+019 
2.792800e+000 4.110242e+019 
2.793200e+000 4.099968e+019 
2.793600e+000 4.089692e+019 
2.794000e+000 4.079413e+019 
2.794400e+000 4.069132e+019 
2.794800e+000 4.058849e+019 
2.795200e+000 4.048564e+019 
2.795600e+000 4.038277e+019 
2.796000e+000 4.027988e+019 
2.796400e+000 4.017698e+019 
2.796800e+000 4.007406e+019 
2.797200e+000 3.997113e+019 
2.797600e+000 3.986819e+019 
2.798000e+000 3.976524e+019 
2.798400e+000 3.966228e+019 
2.798800e+000 3.955931e+019 
2.799200e+000 3.945634e+019 
2.799600e+000 3.935336e+019 
2.800000e+000 3.925038e+019 
2.800400e+000 3.914739e+019 
2.800800e+000 3.904441e+019 
2.801200e+000 3.894142e+019 
2.801600e+000 3.883844e+019 
2.802000e+000 3.873546e+019 
2.802400e+000 3.863249e+019 
2.802800e+000 3.852952e+019 
2.803200e+000 3.842656e+019 
2.803600e+000 3.832360e+019 
2.804000e+000 3.822066e+019 
2.804400e+000 3.811773e+019 
2.804800e+000 3.801481e+019 
2.805200e+000 3.791190e+019 
2.805600e+000 3.780901e+019 
2.806000e+000 3.770614e+019 
2.806400e+000 3.760328e+019 
2.806800e+000 3.750045e+019 
2.807200e+000 3.739763e+019 
2.807600e+000 3.729484e+019 
2.808000e+000 3.719207e+019 
2.808400e+000 3.708932e+019 
2.808800e+000 3.698661e+019 
2.809200e+000 3.688391e+019 
2.809600e+000 3.678125e+019 
2.810000e+000 3.667862e+019 
2.810400e+000 3.657602e+019 
2.810800e+000 3.647345e+019 
2.811200e+000 3.637092e+019 
2.811600e+000 3.626842e+019 
2.812000e+000 3.616596e+019 
2.812400e+000 3.606354e+019 
2.812800e+000 3.596115e+019 
2.813200e+000 3.585881e+019 
2.813600e+000 3.575651e+019 
2.814000e+000 3.565425e+019 
2.814400e+000 3.555204e+019 
2.814800e+000 3.544988e+019 
2.815200e+000 3.534776e+019 
2.815600e+000 3.524569e+019 
2.816000e+000 3.514367e+019 
2.816400e+000 3.504170e+019 
2.816800e+000 3.493979e+019 
2.817200e+000 3.483793e+019 
2.817600e+000 3.473613e+019 
2.818000e+000 3.463438e+019 
2.818400e+000 3.453269e+019 
2.818800e+000 3.443106e+019 
2.819200e+000 3.432949e+019 
2.819600e+000 3.422798e+019 
2.820000e+000 3.412654e+019 
2.820400e+000 3.402516e+019 
2.820800e+000 3.392385e+019 
2.821200e+000 3.382260e+019 
2.821600e+000 3.372142e+019 
2.822000e+000 3.362031e+019 
2.822400e+000 3.351928e+019 
2.822800e+000 3.341831e+019 
2.823200e+000 3.331742e+019 
2.823600e+000 3.321661e+019 
2.824000e+000 3.311587e+019 
2.824400e+000 3.301521e+019 
2.824800e+000 3.291463e+019 
2.825200e+000 3.281412e+019 
2.825600e+000 3.271370e+019 
2.826000e+000 3.261336e+019 
2.826400e+000 3.251311e+019 
2.826800e+000 3.241294e+019 
2.827200e+000 3.231285e+019 
2.827600e+000 3.221286e+019 
2.828000e+000 3.211295e+019 
2.828400e+000 3.201313e+019 
2.828800e+000 3.191341e+019 
2.829200e+000 3.181377e+019 
2.829600e+000 3.171423e+019 
2.830000e+000 3.161479e+019 
2.830400e+000 3.151544e+019 
2.830800e+000 3.141619e+019 
2.831200e+000 3.131704e+019 
2.831600e+000 3.121798e+019 
2.832000e+000 3.111903e+019 
2.832400e+000 3.102018e+019 
2.832800e+000 3.092143e+019 
2.833200e+000 3.082279e+019 
2.833600e+000 3.072426e+019 
2.834000e+000 3.062583e+019 
2.834400e+000 3.052750e+019 
2.834800e+000 3.042929e+019 
2.835200e+000 3.033119e+019 
2.835600e+000 3.023320e+019 
2.836000e+000 3.013532e+019 
2.836400e+000 3.003755e+019 
2.836800e+000 2.993991e+019 
2.837200e+000 2.984237e+019 
2.837600e+000 2.974495e+019 
2.838000e+000 2.964766e+019 
2.838400e+000 2.955048e+019 
2.838800e+000 2.945342e+019 
2.839200e+000 2.935648e+019 
2.839600e+000 2.925967e+019 
2.840000e+000 2.916298e+019 
2.840400e+000 2.906641e+019 
2.840800e+000 2.896997e+019 
2.841200e+000 2.887366e+019 
2.841600e+000 2.877748e+019 
2.842000e+000 2.868142e+019 
2.842400e+000 2.858550e+019 
2.842800e+000 2.848970e+019 
2.843200e+000 2.839404e+019 
2.843600e+000 2.829851e+019 
2.844000e+000 2.820312e+019 
2.844400e+000 2.810786e+019 
2.844800e+000 2.801274e+019 
2.845200e+000 2.791775e+019 
2.845600e+000 2.782291e+019 
2.846000e+000 2.772820e+019 
2.846400e+000 2.763363e+019 
2.846800e+000 2.753921e+019 
2.847200e+000 2.744493e+019 
2.847600e+000 2.735079e+019 
2.848000e+000 2.725679e+019 
2.848400e+000 2.716294e+019 
2.848800e+000 2.706924e+019 
2.849200e+000 2.697568e+019 
2.849600e+000 2.688228e+019 
2.850000e+000 2.678902e+019 
2.850400e+000 2.669591e+019 
2.850800e+000 2.660295e+019 
2.851200e+000 2.651015e+019 
2.851600e+000 2.641749e+019 
2.852000e+000 2.632499e+019 
2.852400e+000 2.623265e+019 
2.852800e+000 2.614046e+019 
2.853200e+000 2.604843e+019 
2.853600e+000 2.595655e+019 
2.854000e+000 2.586483e+019 
2.854400e+000 2.577327e+019 
2.854800e+000 2.568187e+019 
2.855200e+000 2.559064e+019 
2.855600e+000 2.549956e+019 
2.856000e+000 2.540865e+019 
2.856400e+000 2.531789e+019 
2.856800e+000 2.522731e+019 
2.857200e+000 2.513688e+019 
2.857600e+000 2.504663e+019 
2.858000e+000 2.495654e+019 
2.858400e+000 2.486661e+019 
2.858800e+000 2.477686e+019 
2.859200e+000 2.468727e+019 
2.859600e+000 2.459786e+019 
2.860000e+000 2.450861e+019 
2.860400e+000 2.441953e+019 
2.860800e+000 2.433063e+019 
2.861200e+000 2.424190e+019 
2.861600e+000 2.415334e+019 
2.862000e+000 2.406496e+019 
2.862400e+000 2.397675e+019 
2.862800e+000 2.388871e+019 
2.863200e+000 2.380085e+019 
2.863600e+000 2.371317e+019 
2.864000e+000 2.362567e+019 
2.864400e+000 2.353834e+019 
2.864800e+000 2.345120e+019 
2.865200e+000 2.336423e+019 
2.865600e+000 2.327744e+019 
2.866000e+000 2.319084e+019 
2.866400e+000 2.310441e+019 
2.866800e+000 2.301817e+019 
2.867200e+000 2.293211e+019 
2.867600e+000 2.284623e+019 
2.868000e+000 2.276054e+019 
2.868400e+000 2.267503e+019 
2.868800e+000 2.258971e+019 
2.869200e+000 2.250457e+019 
2.869600e+000 2.241962e+019 
2.870000e+000 2.233486e+019 
2.870400e+000 2.225028e+019 
2.870800e+000 2.216590e+019 
2.871200e+000 2.208170e+019 
2.871600e+000 2.199769e+019 
2.872000e+000 2.191387e+019 
2.872400e+000 2.183024e+019 
2.872800e+000 2.174680e+019 
2.873200e+000 2.166355e+019 
2.873600e+000 2.158049e+019 
2.874000e+000 2.149763e+019 
2.874400e+000 2.141496e+019 
2.874800e+000 2.133248e+019 
2.875200e+000 2.125019e+019 
2.875600e+000 2.116810e+019 
2.876000e+000 2.108621e+019 
2.876400e+000 2.100451e+019 
2.876800e+000 2.092300e+019 
2.877200e+000 2.084169e+019 
2.877600e+000 2.076058e+019 
2.878000e+000 2.067967e+019 
2.878400e+000 2.059895e+019 
2.878800e+000 2.051843e+019 
2.879200e+000 2.043811e+019 
2.879600e+000 2.035798e+019 
2.880000e+000 2.027806e+019 
2.880400e+000 2.019833e+019 
2.880800e+000 2.011881e+019 
2.881200e+000 2.003948e+019 
2.881600e+000 1.996036e+019 
2.882000e+000 1.988143e+019 
2.882400e+000 1.980271e+019 
2.882800e+000 1.972419e+019 
2.883200e+000 1.964587e+019 
2.883600e+000 1.956775e+019 
2.884000e+000 1.948984e+019 
2.884400e+000 1.941212e+019 
2.884800e+000 1.933461e+019 
2.885200e+000 1.925731e+019 
2.885600e+000 1.918021e+019 
2.886000e+000 1.910331e+019 
2.886400e+000 1.902661e+019 
2.886800e+000 1.895012e+019 
2.887200e+000 1.887384e+019 
2.887600e+000 1.879776e+019 
2.888000e+000 1.872189e+019 
2.888400e+000 1.864622e+019 
2.888800e+000 1.857075e+019 
2.889200e+000 1.849550e+019 
2.889600e+000 1.842045e+019 
2.890000e+000 1.834560e+019 
2.890400e+000 1.827096e+019 
2.890800e+000 1.819653e+019 
2.891200e+000 1.812231e+019 
2.891600e+000 1.804829e+019 
2.892000e+000 1.797448e+019 
2.892400e+000 1.790088e+019 
2.892800e+000 1.782749e+019 
2.893200e+000 1.775430e+019 
2.893600e+000 1.768132e+019 
2.894000e+000 1.760855e+019 
2.894400e+000 1.753599e+019 
2.894800e+000 1.746364e+019 
2.895200e+000 1.739149e+019 
2.895600e+000 1.731955e+019 
2.896000e+000 1.724783e+019 
2.896400e+000 1.717631e+019 
2.896800e+000 1.710500e+019 
2.897200e+000 1.703390e+019 
2.897600e+000 1.696301e+019 
2.898000e+000 1.689233e+019 
2.898400e+000 1.682186e+019 
2.898800e+000 1.675159e+019 
2.899200e+000 1.668154e+019 
2.899600e+000 1.661170e+019 
2.900000e+000 1.654206e+019 
2.900400e+000 1.647264e+019 
2.900800e+000 1.640342e+019 
2.901200e+000 1.633442e+019 
2.901600e+000 1.626562e+019 
2.902000e+000 1.619704e+019 
2.902400e+000 1.612866e+019 
2.902800e+000 1.606050e+019 
2.903200e+000 1.599254e+019 
2.903600e+000 1.592480e+019 
2.904000e+000 1.585726e+019 
2.904400e+000 1.578993e+019 
2.904800e+000 1.572282e+019 
2.905200e+000 1.565591e+019 
2.905600e+000 1.558922e+019 
2.906000e+000 1.552273e+019 
2.906400e+000 1.545645e+019 
2.906800e+000 1.539038e+019 
2.907200e+000 1.532452e+019 
2.907600e+000 1.525888e+019 
2.908000e+000 1.519344e+019 
2.908400e+000 1.512821e+019 
2.908800e+000 1.506319e+019 
2.909200e+000 1.499838e+019 
2.909600e+000 1.493377e+019 
2.910000e+000 1.486938e+019 
2.910400e+000 1.480520e+019 
2.910800e+000 1.474122e+019 
2.911200e+000 1.467745e+019 
2.911600e+000 1.461390e+019 
2.912000e+000 1.455055e+019 
2.912400e+000 1.448741e+019 
2.912800e+000 1.442447e+019 
2.913200e+000 1.436175e+019 
2.913600e+000 1.429923e+019 
2.914000e+000 1.423692e+019 
2.914400e+000 1.417482e+019 
2.914800e+000 1.411293e+019 
2.915200e+000 1.405125e+019 
2.915600e+000 1.398977e+019 
2.916000e+000 1.392850e+019 
2.916400e+000 1.386743e+019 
2.916800e+000 1.380657e+019 
2.917200e+000 1.374592e+019 
2.917600e+000 1.368548e+019 
2.918000e+000 1.362524e+019 
2.918400e+000 1.356521e+019 
2.918800e+000 1.350538e+019 
2.919200e+000 1.344576e+019 
2.919600e+000 1.338634e+019 
2.920000e+000 1.332713e+019 
2.920400e+000 1.326813e+019 
2.920800e+000 1.320933e+019 
2.921200e+000 1.315073e+019 
2.921600e+000 1.309234e+019 
2.922000e+000 1.303415e+019 
2.922400e+000 1.297617e+019 
2.922800e+000 1.291839e+019 
2.923200e+000 1.286081e+019 
2.923600e+000 1.280344e+019 
2.924000e+000 1.274627e+019 
2.924400e+000 1.268930e+019 
2.924800e+000 1.263253e+019 
2.925200e+000 1.257597e+019 
2.925600e+000 1.251961e+019 
2.926000e+000 1.246345e+019 
2.926400e+000 1.240749e+019 
2.926800e+000 1.235173e+019 
2.927200e+000 1.229617e+019 
2.927600e+000 1.224082e+019 
2.928000e+000 1.218566e+019 
2.928400e+000 1.213070e+019 
2.928800e+000 1.207594e+019 
2.929200e+000 1.202139e+019 
2.929600e+000 1.196703e+019 
2.930000e+000 1.191287e+019 
2.930400e+000 1.185891e+019 
2.930800e+000 1.180514e+019 
2.931200e+000 1.175158e+019 
2.931600e+000 1.169821e+019 
2.932000e+000 1.164503e+019 
2.932400e+000 1.159206e+019 
2.932800e+000 1.153928e+019 
2.933200e+000 1.148670e+019 
2.933600e+000 1.143431e+019 
2.934000e+000 1.138212e+019 
2.934400e+000 1.133012e+019 
2.934800e+000 1.127832e+019 
2.935200e+000 1.122672e+019 
2.935600e+000 1.117530e+019 
2.936000e+000 1.112408e+019 
2.936400e+000 1.107306e+019 
2.936800e+000 1.102222e+019 
2.937200e+000 1.097158e+019 
2.937600e+000 1.092114e+019 
2.938000e+000 1.087088e+019 
2.938400e+000 1.082081e+019 
2.938800e+000 1.077094e+019 
2.939200e+000 1.072126e+019 
2.939600e+000 1.067176e+019 
2.940000e+000 1.062246e+019 
2.940400e+000 1.057335e+019 
2.940800e+000 1.052442e+019 
2.941200e+000 1.047569e+019 
2.941600e+000 1.042714e+019 
2.942000e+000 1.037878e+019 
2.942400e+000 1.033061e+019 
2.942800e+000 1.028263e+019 
2.943200e+000 1.023483e+019 
2.943600e+000 1.018722e+019 
2.944000e+000 1.013980e+019 
2.944400e+000 1.009256e+019 
2.944800e+000 1.004551e+019 
2.945200e+000 9.998639e+018 
2.945600e+000 9.951955e+018 
2.946000e+000 9.905455e+018 
2.946400e+000 9.859139e+018 
2.946800e+000 9.813005e+018 
2.947200e+000 9.767055e+018 
2.947600e+000 9.721287e+018 
2.948000e+000 9.675701e+018 
2.948400e+000 9.630296e+018 
2.948800e+000 9.585072e+018 
2.949200e+000 9.540030e+018 
2.949600e+000 9.495167e+018 
2.950000e+000 9.450484e+018 
2.950400e+000 9.405980e+018 
2.950800e+000 9.361655e+018 
2.951200e+000 9.317509e+018 
2.951600e+000 9.273541e+018 
2.952000e+000 9.229750e+018 
2.952400e+000 9.186137e+018 
2.952800e+000 9.142700e+018 
2.953200e+000 9.099439e+018 
2.953600e+000 9.056355e+018 
2.954000e+000 9.013445e+018 
2.954400e+000 8.970711e+018 
2.954800e+000 8.928151e+018 
2.955200e+000 8.885765e+018 
2.955600e+000 8.843552e+018 
2.956000e+000 8.801513e+018 
2.956400e+000 8.759646e+018 
2.956800e+000 8.717952e+018 
2.957200e+000 8.676429e+018 
2.957600e+000 8.635078e+018 
2.958000e+000 8.593897e+018 
2.958400e+000 8.552887e+018 
2.958800e+000 8.512046e+018 
2.959200e+000 8.471375e+018 
2.959600e+000 8.430873e+018 
2.960000e+000 8.390540e+018 
2.960400e+000 8.350374e+018 
2.960800e+000 8.310376e+018 
2.961200e+000 8.270546e+018 
2.961600e+000 8.230882e+018 
2.962000e+000 8.191384e+018 
2.962400e+000 8.152051e+018 
2.962800e+000 8.112884e+018 
2.963200e+000 8.073882e+018 
2.963600e+000 8.035044e+018 
2.964000e+000 7.996369e+018 
2.964400e+000 7.957858e+018 
2.964800e+000 7.919510e+018 
2.965200e+000 7.881325e+018 
2.965600e+000 7.843301e+018 
2.966000e+000 7.805438e+018 
2.966400e+000 7.767737e+018 
2.966800e+000 7.730196e+018 
2.967200e+000 7.692815e+018 
2.967600e+000 7.655593e+018 
2.968000e+000 7.618531e+018 
2.968400e+000 7.581627e+018 
2.968800e+000 7.544881e+018 
2.969200e+000 7.508292e+018 
2.969600e+000 7.471861e+018 
2.970000e+000 7.435587e+018 
2.970400e+000 7.399468e+018 
2.970800e+000 7.363505e+018 
2.971200e+000 7.327698e+018 
2.971600e+000 7.292045e+018 
2.972000e+000 7.256546e+018 
2.972400e+000 7.221201e+018 
2.972800e+000 7.186009e+018 
2.973200e+000 7.150970e+018 
2.973600e+000 7.116083e+018 
2.974000e+000 7.081348e+018 
2.974400e+000 7.046764e+018 
2.974800e+000 7.012331e+018 
2.975200e+000 6.978049e+018 
2.975600e+000 6.943916e+018 
2.976000e+000 6.909933e+018 
2.976400e+000 6.876098e+018 
2.976800e+000 6.842412e+018 
2.977200e+000 6.808874e+018 
2.977600e+000 6.775483e+018 
2.978000e+000 6.742239e+018 
2.978400e+000 6.709142e+018 
2.978800e+000 6.676190e+018 
2.979200e+000 6.643384e+018 
2.979600e+000 6.610723e+018 
2.980000e+000 6.578206e+018 
2.980400e+000 6.545834e+018 
2.980800e+000 6.513605e+018 
2.981200e+000 6.481519e+018 
2.981600e+000 6.449576e+018 
2.982000e+000 6.417774e+018 
2.982400e+000 6.386114e+018 
2.982800e+000 6.354596e+018 
2.983200e+000 6.323218e+018 
2.983600e+000 6.291980e+018 
2.984000e+000 6.260882e+018 
2.984400e+000 6.229923e+018 
2.984800e+000 6.199102e+018 
2.985200e+000 6.168420e+018 
2.985600e+000 6.137876e+018 
2.986000e+000 6.107469e+018 
2.986400e+000 6.077198e+018 
2.986800e+000 6.047064e+018 
2.987200e+000 6.017066e+018 
2.987600e+000 5.987203e+018 
2.988000e+000 5.957474e+018 
2.988400e+000 5.927881e+018 
2.988800e+000 5.898421e+018 
2.989200e+000 5.869094e+018 
2.989600e+000 5.839901e+018 
2.990000e+000 5.810839e+018 
2.990400e+000 5.781910e+018 
2.990800e+000 5.753113e+018 
2.991200e+000 5.724446e+018 
2.991600e+000 5.695910e+018 
2.992000e+000 5.667504e+018 
2.992400e+000 5.639227e+018 
2.992800e+000 5.611080e+018 
2.993200e+000 5.583061e+018 
2.993600e+000 5.555171e+018 
2.994000e+000 5.527408e+018 
2.994400e+000 5.499772e+018 
2.994800e+000 5.472264e+018 
2.995200e+000 5.444881e+018 
2.995600e+000 5.417624e+018 
2.996000e+000 5.390493e+018 
2.996400e+000 5.363486e+018 
2.996800e+000 5.336604e+018 
2.997200e+000 5.309846e+018 
2.997600e+000 5.283212e+018 
2.998000e+000 5.256700e+018 
2.998400e+000 5.230311e+018 
2.998800e+000 5.204044e+018 
2.999200e+000 5.177898e+018 
2.999600e+000 5.151874e+018 
3.000000e+000 5.125971e+018 
3.000400e+000 5.100188e+018 
3.000800e+000 5.074524e+018 
3.001200e+000 5.048980e+018 
3.001600e+000 5.023555e+018 
3.002000e+000 4.998248e+018 
3.002400e+000 4.973059e+018 
3.002800e+000 4.947987e+018 
3.003200e+000 4.923033e+018 
3.003600e+000 4.898195e+018 
3.004000e+000 4.873473e+018 
3.004400e+000 4.848867e+018 
3.004800e+000 4.824376e+018 
3.005200e+000 4.800000e+018 
3.005600e+000 4.775739e+018 
3.006000e+000 4.751591e+018 
3.006400e+000 4.727556e+018 
3.006800e+000 4.703635e+018 
3.007200e+000 4.679826e+018 
3.007600e+000 4.656129e+018 
3.008000e+000 4.632544e+018 
3.008400e+000 4.609070e+018 
3.008800e+000 4.585707e+018 
3.009200e+000 4.562454e+018 
3.009600e+000 4.539311e+018 
3.010000e+000 4.516277e+018 
3.010400e+000 4.493353e+018 
3.010800e+000 4.470536e+018 
3.011200e+000 4.447829e+018 
3.011600e+000 4.425228e+018 
3.012000e+000 4.402735e+018 
3.012400e+000 4.380349e+018 
3.012800e+000 4.358069e+018 
3.013200e+000 4.335895e+018 
3.013600e+000 4.313827e+018 
3.014000e+000 4.291864e+018 
3.014400e+000 4.270005e+018 
3.014800e+000 4.248251e+018 
3.015200e+000 4.226600e+018 
3.015600e+000 4.205053e+018 
3.016000e+000 4.183609e+018 
3.016400e+000 4.162267e+018 
3.016800e+000 4.141027e+018 
3.017200e+000 4.119890e+018 
3.017600e+000 4.098853e+018 
3.018000e+000 4.077917e+018 
3.018400e+000 4.057082e+018 
3.018800e+000 4.036346e+018 
3.019200e+000 4.015711e+018 
3.019600e+000 3.995174e+018 
3.020000e+000 3.974736e+018 
3.020400e+000 3.954397e+018 
3.020800e+000 3.934155e+018 
3.021200e+000 3.914011e+018 
3.021600e+000 3.893964e+018 
3.022000e+000 3.874014e+018 
3.022400e+000 3.854161e+018 
3.022800e+000 3.834403e+018 
3.023200e+000 3.814740e+018 
3.023600e+000 3.795173e+018 
3.024000e+000 3.775700e+018 
3.024400e+000 3.756322e+018 
3.024800e+000 3.737037e+018 
3.025200e+000 3.717846e+018 
3.025600e+000 3.698748e+018 
3.026000e+000 3.679743e+018 
3.026400e+000 3.660830e+018 
3.026800e+000 3.642009e+018 
3.027200e+000 3.623280e+018 
3.027600e+000 3.604642e+018 
3.028000e+000 3.586094e+018 
3.028400e+000 3.567637e+018 
3.028800e+000 3.549269e+018 
3.029200e+000 3.530991e+018 
3.029600e+000 3.512803e+018 
3.030000e+000 3.494703e+018 
3.030400e+000 3.476692e+018 
3.030800e+000 3.458768e+018 
3.031200e+000 3.440932e+018 
3.031600e+000 3.423184e+018 
3.032000e+000 3.405522e+018 
3.032400e+000 3.387947e+018 
3.032800e+000 3.370458e+018 
3.033200e+000 3.353055e+018 
3.033600e+000 3.335737e+018 
3.034000e+000 3.318504e+018 
3.034400e+000 3.301356e+018 
3.034800e+000 3.284291e+018 
3.035200e+000 3.267311e+018 
3.035600e+000 3.250415e+018 
3.036000e+000 3.233601e+018 
3.036400e+000 3.216870e+018 
3.036800e+000 3.200222e+018 
3.037200e+000 3.183656e+018 
3.037600e+000 3.167171e+018 
3.038000e+000 3.150768e+018 
3.038400e+000 3.134446e+018 
3.038800e+000 3.118204e+018 
3.039200e+000 3.102043e+018 
3.039600e+000 3.085961e+018 
3.040000e+000 3.069959e+018 
3.040400e+000 3.054036e+018 
3.040800e+000 3.038192e+018 
3.041200e+000 3.022427e+018 
3.041600e+000 3.006739e+018 
3.042000e+000 2.991129e+018 
3.042400e+000 2.975597e+018 
3.042800e+000 2.960142e+018 
3.043200e+000 2.944764e+018 
3.043600e+000 2.929462e+018 
3.044000e+000 2.914236e+018 
3.044400e+000 2.899085e+018 
3.044800e+000 2.884010e+018 
3.045200e+000 2.869010e+018 
3.045600e+000 2.854085e+018 
3.046000e+000 2.839234e+018 
3.046400e+000 2.824457e+018 
3.046800e+000 2.809754e+018 
3.047200e+000 2.795124e+018 
3.047600e+000 2.780567e+018 
3.048000e+000 2.766083e+018 
3.048400e+000 2.751671e+018 
3.048800e+000 2.737331e+018 
3.049200e+000 2.723063e+018 
3.049600e+000 2.708866e+018 
3.050000e+000 2.694740e+018 
3.050400e+000 2.680684e+018 
3.050800e+000 2.666700e+018 
3.051200e+000 2.652785e+018 
3.051600e+000 2.638940e+018 
3.052000e+000 2.625164e+018 
3.052400e+000 2.611458e+018 
3.052800e+000 2.597820e+018 
3.053200e+000 2.584250e+018 
3.053600e+000 2.570749e+018 
3.054000e+000 2.557316e+018 
3.054400e+000 2.543950e+018 
3.054800e+000 2.530651e+018 
3.055200e+000 2.517419e+018 
3.055600e+000 2.504254e+018 
3.056000e+000 2.491155e+018 
3.056400e+000 2.478122e+018 
3.056800e+000 2.465155e+018 
3.057200e+000 2.452253e+018 
3.057600e+000 2.439416e+018 
3.058000e+000 2.426644e+018 
3.058400e+000 2.413936e+018 
3.058800e+000 2.401293e+018 
3.059200e+000 2.388713e+018 
3.059600e+000 2.376197e+018 
3.060000e+000 2.363744e+018 
3.060400e+000 2.351354e+018 
3.060800e+000 2.339026e+018 
3.061200e+000 2.326761e+018 
3.061600e+000 2.314558e+018 
3.062000e+000 2.302417e+018 
3.062400e+000 2.290337e+018 
3.062800e+000 2.278319e+018 
3.063200e+000 2.266361e+018 
3.063600e+000 2.254464e+018 
3.064000e+000 2.242628e+018 
3.064400e+000 2.230851e+018 
3.064800e+000 2.219135e+018 
3.065200e+000 2.207477e+018 
3.065600e+000 2.195879e+018 
3.066000e+000 2.184340e+018 
3.066400e+000 2.172860e+018 
3.066800e+000 2.161437e+018 
3.067200e+000 2.150073e+018 
3.067600e+000 2.138767e+018 
3.068000e+000 2.127518e+018 
3.068400e+000 2.116327e+018 
3.068800e+000 2.105193e+018 
3.069200e+000 2.094115e+018 
3.069600e+000 2.083094e+018 
3.070000e+000 2.072129e+018 
3.070400e+000 2.061219e+018 
3.070800e+000 2.050366e+018 
3.071200e+000 2.039568e+018 
3.071600e+000 2.028825e+018 
3.072000e+000 2.018137e+018 
3.072400e+000 2.007503e+018 
3.072800e+000 1.996924e+018 
3.073200e+000 1.986399e+018 
3.073600e+000 1.975928e+018 
3.074000e+000 1.965510e+018 
3.074400e+000 1.955145e+018 
3.074800e+000 1.944834e+018 
3.075200e+000 1.934575e+018 
3.075600e+000 1.924369e+018 
3.076000e+000 1.914215e+018 
3.076400e+000 1.904114e+018 
3.076800e+000 1.894064e+018 
3.077200e+000 1.884065e+018 
3.077600e+000 1.874118e+018 
3.078000e+000 1.864222e+018 
3.078400e+000 1.854376e+018 
3.078800e+000 1.844581e+018 
3.079200e+000 1.834837e+018 
3.079600e+000 1.825142e+018 
3.080000e+000 1.815498e+018 
3.080400e+000 1.805903e+018 
3.080800e+000 1.796357e+018 
3.081200e+000 1.786860e+018 
3.081600e+000 1.777412e+018 
3.082000e+000 1.768013e+018 
3.082400e+000 1.758662e+018 
3.082800e+000 1.749359e+018 
3.083200e+000 1.740104e+018 
3.083600e+000 1.730897e+018 
3.084000e+000 1.721737e+018 
3.084400e+000 1.712625e+018 
3.084800e+000 1.703559e+018 
3.085200e+000 1.694541e+018 
3.085600e+000 1.685568e+018 
3.086000e+000 1.676642e+018 
3.086400e+000 1.667762e+018 
3.086800e+000 1.658928e+018 
3.087200e+000 1.650140e+018 
3.087600e+000 1.641397e+018 
3.088000e+000 1.632699e+018 
3.088400e+000 1.624046e+018 
3.088800e+000 1.615437e+018 
3.089200e+000 1.606874e+018 
3.089600e+000 1.598354e+018 
3.090000e+000 1.589879e+018 
