R[m] ne[m^-3]
2.530000e+000 3.536436e+019 
2.530400e+000 3.535481e+019 
2.530800e+000 3.534525e+019 
2.531200e+000 3.533566e+019 
2.531600e+000 3.532605e+019 
2.532000e+000 3.531642e+019 
2.532400e+000 3.530676e+019 
2.532800e+000 3.529708e+019 
2.533200e+000 3.528738e+019 
2.533600e+000 3.527766e+019 
2.534000e+000 3.526792e+019 
2.534400e+000 3.525815e+019 
2.534800e+000 3.524836e+019 
2.535200e+000 3.523855e+019 
2.535600e+000 3.522871e+019 
2.536000e+000 3.521886e+019 
2.536400e+000 3.520897e+019 
2.536800e+000 3.519907e+019 
2.537200e+000 3.518914e+019 
2.537600e+000 3.517919e+019 
2.538000e+000 3.516921e+019 
2.538400e+000 3.515922e+019 
2.538800e+000 3.514919e+019 
2.539200e+000 3.513915e+019 
2.539600e+000 3.512908e+019 
2.540000e+000 3.511898e+019 
2.540400e+000 3.510886e+019 
2.540800e+000 3.509872e+019 
2.541200e+000 3.508855e+019 
2.541600e+000 3.507836e+019 
2.542000e+000 3.506814e+019 
2.542400e+000 3.505790e+019 
2.542800e+000 3.504764e+019 
2.543200e+000 3.503734e+019 
2.543600e+000 3.502703e+019 
2.544000e+000 3.501669e+019 
2.544400e+000 3.500632e+019 
2.544800e+000 3.499593e+019 
2.545200e+000 3.498551e+019 
2.545600e+000 3.497506e+019 
2.546000e+000 3.496460e+019 
2.546400e+000 3.495410e+019 
2.546800e+000 3.494358e+019 
2.547200e+000 3.493303e+019 
2.547600e+000 3.492246e+019 
2.548000e+000 3.491186e+019 
2.548400e+000 3.490123e+019 
2.548800e+000 3.489058e+019 
2.549200e+000 3.487990e+019 
2.549600e+000 3.486919e+019 
2.550000e+000 3.485846e+019 
2.550400e+000 3.484770e+019 
2.550800e+000 3.483691e+019 
2.551200e+000 3.482609e+019 
2.551600e+000 3.481525e+019 
2.552000e+000 3.480438e+019 
2.552400e+000 3.479348e+019 
2.552800e+000 3.478256e+019 
2.553200e+000 3.477160e+019 
2.553600e+000 3.476062e+019 
2.554000e+000 3.474961e+019 
2.554400e+000 3.473857e+019 
2.554800e+000 3.472751e+019 
2.555200e+000 3.471641e+019 
2.555600e+000 3.470529e+019 
2.556000e+000 3.469414e+019 
2.556400e+000 3.468295e+019 
2.556800e+000 3.467174e+019 
2.557200e+000 3.466050e+019 
2.557600e+000 3.464923e+019 
2.558000e+000 3.463794e+019 
2.558400e+000 3.462661e+019 
2.558800e+000 3.461525e+019 
2.559200e+000 3.460386e+019 
2.559600e+000 3.459245e+019 
2.560000e+000 3.458100e+019 
2.560400e+000 3.456952e+019 
2.560800e+000 3.455801e+019 
2.561200e+000 3.454647e+019 
2.561600e+000 3.453491e+019 
2.562000e+000 3.452331e+019 
2.562400e+000 3.451168e+019 
2.562800e+000 3.450001e+019 
2.563200e+000 3.448832e+019 
2.563600e+000 3.447660e+019 
2.564000e+000 3.446484e+019 
2.564400e+000 3.445305e+019 
2.564800e+000 3.444124e+019 
2.565200e+000 3.442939e+019 
2.565600e+000 3.441750e+019 
2.566000e+000 3.440559e+019 
2.566400e+000 3.439364e+019 
2.566800e+000 3.438166e+019 
2.567200e+000 3.436965e+019 
2.567600e+000 3.435761e+019 
2.568000e+000 3.434553e+019 
2.568400e+000 3.433342e+019 
2.568800e+000 3.432128e+019 
2.569200e+000 3.430910e+019 
2.569600e+000 3.429689e+019 
2.570000e+000 3.428465e+019 
2.570400e+000 3.427238e+019 
2.570800e+000 3.426007e+019 
2.571200e+000 3.424772e+019 
2.571600e+000 3.423534e+019 
2.572000e+000 3.422293e+019 
2.572400e+000 3.421049e+019 
2.572800e+000 3.419800e+019 
2.573200e+000 3.418549e+019 
2.573600e+000 3.417294e+019 
2.574000e+000 3.416035e+019 
2.574400e+000 3.414773e+019 
2.574800e+000 3.413508e+019 
2.575200e+000 3.412239e+019 
2.575600e+000 3.410966e+019 
2.576000e+000 3.409690e+019 
2.576400e+000 3.408410e+019 
2.576800e+000 3.407127e+019 
2.577200e+000 3.405840e+019 
2.577600e+000 3.404549e+019 
2.578000e+000 3.403255e+019 
2.578400e+000 3.401957e+019 
2.578800e+000 3.400656e+019 
2.579200e+000 3.399351e+019 
2.579600e+000 3.398042e+019 
2.580000e+000 3.396729e+019 
2.580400e+000 3.395413e+019 
2.580800e+000 3.394093e+019 
2.581200e+000 3.392769e+019 
2.581600e+000 3.391441e+019 
2.582000e+000 3.390110e+019 
2.582400e+000 3.388775e+019 
2.582800e+000 3.387436e+019 
2.583200e+000 3.386093e+019 
2.583600e+000 3.384746e+019 
2.584000e+000 3.383396e+019 
2.584400e+000 3.382041e+019 
2.584800e+000 3.380683e+019 
2.585200e+000 3.379320e+019 
2.585600e+000 3.377954e+019 
2.586000e+000 3.376584e+019 
2.586400e+000 3.375210e+019 
2.586800e+000 3.373832e+019 
2.587200e+000 3.372450e+019 
2.587600e+000 3.371064e+019 
2.588000e+000 3.369674e+019 
2.588400e+000 3.368280e+019 
2.588800e+000 3.366881e+019 
2.589200e+000 3.365479e+019 
2.589600e+000 3.364073e+019 
2.590000e+000 3.362662e+019 
2.590400e+000 3.361248e+019 
2.590800e+000 3.359829e+019 
2.591200e+000 3.358406e+019 
2.591600e+000 3.356979e+019 
2.592000e+000 3.355548e+019 
2.592400e+000 3.354113e+019 
2.592800e+000 3.352673e+019 
2.593200e+000 3.351229e+019 
2.593600e+000 3.349781e+019 
2.594000e+000 3.348328e+019 
2.594400e+000 3.346872e+019 
2.594800e+000 3.345411e+019 
2.595200e+000 3.343945e+019 
2.595600e+000 3.342476e+019 
2.596000e+000 3.341002e+019 
2.596400e+000 3.339524e+019 
2.596800e+000 3.338041e+019 
2.597200e+000 3.336554e+019 
2.597600e+000 3.335062e+019 
2.598000e+000 3.333566e+019 
2.598400e+000 3.332066e+019 
2.598800e+000 3.330561e+019 
2.599200e+000 3.329051e+019 
2.599600e+000 3.327537e+019 
2.600000e+000 3.326019e+019 
2.600400e+000 3.324496e+019 
2.600800e+000 3.322968e+019 
2.601200e+000 3.321436e+019 
2.601600e+000 3.319900e+019 
2.602000e+000 3.318358e+019 
2.602400e+000 3.316812e+019 
2.602800e+000 3.315262e+019 
2.603200e+000 3.313707e+019 
2.603600e+000 3.312147e+019 
2.604000e+000 3.310582e+019 
2.604400e+000 3.309013e+019 
2.604800e+000 3.307439e+019 
2.605200e+000 3.305860e+019 
2.605600e+000 3.304277e+019 
2.606000e+000 3.302688e+019 
2.606400e+000 3.301095e+019 
2.606800e+000 3.299497e+019 
2.607200e+000 3.297894e+019 
2.607600e+000 3.296287e+019 
2.608000e+000 3.294674e+019 
2.608400e+000 3.293057e+019 
2.608800e+000 3.291435e+019 
2.609200e+000 3.289807e+019 
2.609600e+000 3.288175e+019 
2.610000e+000 3.286538e+019 
2.610400e+000 3.284896e+019 
2.610800e+000 3.283249e+019 
2.611200e+000 3.281597e+019 
2.611600e+000 3.279940e+019 
2.612000e+000 3.278278e+019 
2.612400e+000 3.276610e+019 
2.612800e+000 3.274938e+019 
2.613200e+000 3.273261e+019 
2.613600e+000 3.271578e+019 
2.614000e+000 3.269891e+019 
2.614400e+000 3.268198e+019 
2.614800e+000 3.266500e+019 
2.615200e+000 3.264796e+019 
2.615600e+000 3.263088e+019 
2.616000e+000 3.261374e+019 
2.616400e+000 3.259656e+019 
2.616800e+000 3.257931e+019 
2.617200e+000 3.256202e+019 
2.617600e+000 3.254467e+019 
2.618000e+000 3.252727e+019 
2.618400e+000 3.250982e+019 
2.618800e+000 3.249231e+019 
2.619200e+000 3.247475e+019 
2.619600e+000 3.245713e+019 
2.620000e+000 3.243947e+019 
2.620400e+000 3.242174e+019 
2.620800e+000 3.240396e+019 
2.621200e+000 3.238613e+019 
2.621600e+000 3.236824e+019 
2.622000e+000 3.235030e+019 
2.622400e+000 3.233230e+019 
2.622800e+000 3.231425e+019 
2.623200e+000 3.229614e+019 
2.623600e+000 3.227798e+019 
2.624000e+000 3.225976e+019 
2.624400e+000 3.224148e+019 
2.624800e+000 3.222315e+019 
2.625200e+000 3.220476e+019 
2.625600e+000 3.218631e+019 
2.626000e+000 3.216781e+019 
2.626400e+000 3.214925e+019 
2.626800e+000 3.213063e+019 
2.627200e+000 3.211196e+019 
2.627600e+000 3.209322e+019 
2.628000e+000 3.207443e+019 
2.628400e+000 3.205559e+019 
2.628800e+000 3.203668e+019 
2.629200e+000 3.201771e+019 
2.629600e+000 3.199869e+019 
2.630000e+000 3.197961e+019 
2.630400e+000 3.196047e+019 
2.630800e+000 3.194127e+019 
2.631200e+000 3.192201e+019 
2.631600e+000 3.190269e+019 
2.632000e+000 3.188331e+019 
2.632400e+000 3.186387e+019 
2.632800e+000 3.184438e+019 
2.633200e+000 3.182482e+019 
2.633600e+000 3.180520e+019 
2.634000e+000 3.178552e+019 
2.634400e+000 3.176578e+019 
2.634800e+000 3.174598e+019 
2.635200e+000 3.172612e+019 
2.635600e+000 3.170619e+019 
2.636000e+000 3.168621e+019 
2.636400e+000 3.166616e+019 
2.636800e+000 3.164605e+019 
2.637200e+000 3.162588e+019 
2.637600e+000 3.160565e+019 
2.638000e+000 3.158535e+019 
2.638400e+000 3.156500e+019 
2.638800e+000 3.154458e+019 
2.639200e+000 3.152409e+019 
2.639600e+000 3.150355e+019 
2.640000e+000 3.148294e+019 
2.640400e+000 3.146226e+019 
2.640800e+000 3.144152e+019 
2.641200e+000 3.142072e+019 
2.641600e+000 3.139986e+019 
2.642000e+000 3.137893e+019 
2.642400e+000 3.135794e+019 
2.642800e+000 3.133688e+019 
2.643200e+000 3.131575e+019 
2.643600e+000 3.129457e+019 
2.644000e+000 3.127331e+019 
2.644400e+000 3.125199e+019 
2.644800e+000 3.123061e+019 
2.645200e+000 3.120916e+019 
2.645600e+000 3.118764e+019 
2.646000e+000 3.116606e+019 
2.646400e+000 3.114441e+019 
2.646800e+000 3.112270e+019 
2.647200e+000 3.110092e+019 
2.647600e+000 3.107907e+019 
2.648000e+000 3.105716e+019 
2.648400e+000 3.103517e+019 
2.648800e+000 3.101313e+019 
2.649200e+000 3.099101e+019 
2.649600e+000 3.096883e+019 
2.650000e+000 3.094657e+019 
2.650400e+000 3.092425e+019 
2.650800e+000 3.090187e+019 
2.651200e+000 3.087941e+019 
2.651600e+000 3.085688e+019 
2.652000e+000 3.083429e+019 
2.652400e+000 3.081163e+019 
2.652800e+000 3.078890e+019 
2.653200e+000 3.076610e+019 
2.653600e+000 3.074323e+019 
2.654000e+000 3.072029e+019 
2.654400e+000 3.069728e+019 
2.654800e+000 3.067420e+019 
2.655200e+000 3.065105e+019 
2.655600e+000 3.062783e+019 
2.656000e+000 3.060454e+019 
2.656400e+000 3.058118e+019 
2.656800e+000 3.055775e+019 
2.657200e+000 3.053425e+019 
2.657600e+000 3.051068e+019 
2.658000e+000 3.048703e+019 
2.658400e+000 3.046332e+019 
2.658800e+000 3.043953e+019 
2.659200e+000 3.041567e+019 
2.659600e+000 3.039174e+019 
2.660000e+000 3.036774e+019 
2.660400e+000 3.034367e+019 
2.660800e+000 3.031952e+019 
2.661200e+000 3.029530e+019 
2.661600e+000 3.027101e+019 
2.662000e+000 3.024665e+019 
2.662400e+000 3.022221e+019 
2.662800e+000 3.019770e+019 
2.663200e+000 3.017311e+019 
2.663600e+000 3.014846e+019 
2.664000e+000 3.012373e+019 
2.664400e+000 3.009892e+019 
2.664800e+000 3.007404e+019 
2.665200e+000 3.004909e+019 
2.665600e+000 3.002407e+019 
2.666000e+000 2.999896e+019 
2.666400e+000 2.997379e+019 
2.666800e+000 2.994854e+019 
2.667200e+000 2.992322e+019 
2.667600e+000 2.989782e+019 
2.668000e+000 2.987234e+019 
2.668400e+000 2.984679e+019 
2.668800e+000 2.982117e+019 
2.669200e+000 2.979547e+019 
2.669600e+000 2.976969e+019 
2.670000e+000 2.974384e+019 
2.670400e+000 2.971791e+019 
2.670800e+000 2.969191e+019 
2.671200e+000 2.966583e+019 
2.671600e+000 2.963967e+019 
2.672000e+000 2.961344e+019 
2.672400e+000 2.958713e+019 
2.672800e+000 2.956075e+019 
2.673200e+000 2.953428e+019 
2.673600e+000 2.950774e+019 
2.674000e+000 2.948113e+019 
2.674400e+000 2.945443e+019 
2.674800e+000 2.942766e+019 
2.675200e+000 2.940082e+019 
2.675600e+000 2.937389e+019 
2.676000e+000 2.934689e+019 
2.676400e+000 2.931980e+019 
2.676800e+000 2.929265e+019 
2.677200e+000 2.926541e+019 
2.677600e+000 2.923809e+019 
2.678000e+000 2.921070e+019 
2.678400e+000 2.918323e+019 
2.678800e+000 2.915568e+019 
2.679200e+000 2.912805e+019 
2.679600e+000 2.910034e+019 
2.680000e+000 2.907255e+019 
2.680400e+000 2.904469e+019 
2.680800e+000 2.901674e+019 
2.681200e+000 2.898872e+019 
2.681600e+000 2.896062e+019 
2.682000e+000 2.893243e+019 
2.682400e+000 2.890417e+019 
2.682800e+000 2.887583e+019 
2.683200e+000 2.884741e+019 
2.683600e+000 2.881891e+019 
2.684000e+000 2.879033e+019 
2.684400e+000 2.876167e+019 
2.684800e+000 2.873293e+019 
2.685200e+000 2.870411e+019 
2.685600e+000 2.867521e+019 
2.686000e+000 2.864623e+019 
2.686400e+000 2.861717e+019 
2.686800e+000 2.858803e+019 
2.687200e+000 2.855880e+019 
2.687600e+000 2.852950e+019 
2.688000e+000 2.850012e+019 
2.688400e+000 2.847065e+019 
2.688800e+000 2.844111e+019 
2.689200e+000 2.841148e+019 
2.689600e+000 2.838178e+019 
2.690000e+000 2.835199e+019 
2.690400e+000 2.832212e+019 
2.690800e+000 2.829217e+019 
2.691200e+000 2.826214e+019 
2.691600e+000 2.823203e+019 
2.692000e+000 2.820183e+019 
2.692400e+000 2.817156e+019 
2.692800e+000 2.814120e+019 
2.693200e+000 2.811077e+019 
2.693600e+000 2.808025e+019 
2.694000e+000 2.804965e+019 
2.694400e+000 2.801896e+019 
2.694800e+000 2.798820e+019 
2.695200e+000 2.795735e+019 
2.695600e+000 2.792642e+019 
2.696000e+000 2.789541e+019 
2.696400e+000 2.786432e+019 
2.696800e+000 2.783315e+019 
2.697200e+000 2.780189e+019 
2.697600e+000 2.777056e+019 
2.698000e+000 2.773914e+019 
2.698400e+000 2.770764e+019 
2.698800e+000 2.767605e+019 
2.699200e+000 2.764439e+019 
2.699600e+000 2.761264e+019 
2.700000e+000 2.758081e+019 
2.700400e+000 2.754890e+019 
2.700800e+000 2.751690e+019 
2.701200e+000 2.748483e+019 
2.701600e+000 2.745267e+019 
2.702000e+000 2.742043e+019 
2.702400e+000 2.738811e+019 
2.702800e+000 2.735570e+019 
2.703200e+000 2.732322e+019 
2.703600e+000 2.729065e+019 
2.704000e+000 2.725800e+019 
2.704400e+000 2.722526e+019 
2.704800e+000 2.719245e+019 
2.705200e+000 2.715955e+019 
2.705600e+000 2.712657e+019 
2.706000e+000 2.709351e+019 
2.706400e+000 2.706036e+019 
2.706800e+000 2.702714e+019 
2.707200e+000 2.699383e+019 
2.707600e+000 2.696044e+019 
2.708000e+000 2.692697e+019 
2.708400e+000 2.689341e+019 
2.708800e+000 2.685978e+019 
2.709200e+000 2.682606e+019 
2.709600e+000 2.679226e+019 
2.710000e+000 2.675838e+019 
2.710400e+000 2.672441e+019 
2.710800e+000 2.669037e+019 
2.711200e+000 2.665624e+019 
2.711600e+000 2.662203e+019 
2.712000e+000 2.658774e+019 
2.712400e+000 2.655337e+019 
2.712800e+000 2.651892e+019 
2.713200e+000 2.648438e+019 
2.713600e+000 2.644977e+019 
2.714000e+000 2.641507e+019 
2.714400e+000 2.638029e+019 
2.714800e+000 2.634543e+019 
2.715200e+000 2.631049e+019 
2.715600e+000 2.627547e+019 
2.716000e+000 2.624037e+019 
2.716400e+000 2.620518e+019 
2.716800e+000 2.616992e+019 
2.717200e+000 2.613457e+019 
2.717600e+000 2.609915e+019 
2.718000e+000 2.606364e+019 
2.718400e+000 2.602805e+019 
2.718800e+000 2.599239e+019 
2.719200e+000 2.595664e+019 
2.719600e+000 2.592081e+019 
2.720000e+000 2.588491e+019 
2.720400e+000 2.584892e+019 
2.720800e+000 2.581285e+019 
2.721200e+000 2.577670e+019 
2.721600e+000 2.574048e+019 
2.722000e+000 2.570417e+019 
2.722400e+000 2.566779e+019 
2.722800e+000 2.563132e+019 
2.723200e+000 2.559478e+019 
2.723600e+000 2.555816e+019 
2.724000e+000 2.552146e+019 
2.724400e+000 2.548468e+019 
2.724800e+000 2.544782e+019 
2.725200e+000 2.541088e+019 
2.725600e+000 2.537387e+019 
2.726000e+000 2.533678e+019 
2.726400e+000 2.529961e+019 
2.726800e+000 2.526236e+019 
2.727200e+000 2.522503e+019 
2.727600e+000 2.518763e+019 
2.728000e+000 2.515015e+019 
2.728400e+000 2.511259e+019 
2.728800e+000 2.507495e+019 
2.729200e+000 2.503724e+019 
2.729600e+000 2.499945e+019 
2.730000e+000 2.496159e+019 
2.730400e+000 2.492365e+019 
2.730800e+000 2.488563e+019 
2.731200e+000 2.484754e+019 
2.731600e+000 2.480937e+019 
2.732000e+000 2.477113e+019 
2.732400e+000 2.473281e+019 
2.732800e+000 2.469442e+019 
2.733200e+000 2.465595e+019 
2.733600e+000 2.461740e+019 
2.734000e+000 2.457878e+019 
2.734400e+000 2.454009e+019 
2.734800e+000 2.450133e+019 
2.735200e+000 2.446249e+019 
2.735600e+000 2.442357e+019 
2.736000e+000 2.438459e+019 
2.736400e+000 2.434553e+019 
2.736800e+000 2.430639e+019 
2.737200e+000 2.426719e+019 
2.737600e+000 2.422791e+019 
2.738000e+000 2.418856e+019 
2.738400e+000 2.414914e+019 
2.738800e+000 2.410964e+019 
2.739200e+000 2.407008e+019 
2.739600e+000 2.403044e+019 
2.740000e+000 2.399073e+019 
2.740400e+000 2.395096e+019 
2.740800e+000 2.391111e+019 
2.741200e+000 2.387119e+019 
2.741600e+000 2.383120e+019 
2.742000e+000 2.379114e+019 
2.742400e+000 2.375101e+019 
2.742800e+000 2.371082e+019 
2.743200e+000 2.367055e+019 
2.743600e+000 2.363022e+019 
2.744000e+000 2.358982e+019 
2.744400e+000 2.354935e+019 
2.744800e+000 2.350881e+019 
2.745200e+000 2.346821e+019 
2.745600e+000 2.342754e+019 
2.746000e+000 2.338680e+019 
2.746400e+000 2.334599e+019 
2.746800e+000 2.330512e+019 
2.747200e+000 2.326419e+019 
2.747600e+000 2.322319e+019 
2.748000e+000 2.318212e+019 
2.748400e+000 2.314099e+019 
2.748800e+000 2.309979e+019 
2.749200e+000 2.305853e+019 
2.749600e+000 2.301721e+019 
2.750000e+000 2.297582e+019 
2.750400e+000 2.293437e+019 
2.750800e+000 2.289286e+019 
2.751200e+000 2.285128e+019 
2.751600e+000 2.280964e+019 
2.752000e+000 2.276794e+019 
2.752400e+000 2.272618e+019 
2.752800e+000 2.268436e+019 
2.753200e+000 2.264248e+019 
2.753600e+000 2.260053e+019 
2.754000e+000 2.255853e+019 
2.754400e+000 2.251647e+019 
2.754800e+000 2.247435e+019 
2.755200e+000 2.243216e+019 
2.755600e+000 2.238993e+019 
2.756000e+000 2.234763e+019 
2.756400e+000 2.230527e+019 
2.756800e+000 2.226286e+019 
2.757200e+000 2.222039e+019 
2.757600e+000 2.217787e+019 
2.758000e+000 2.213529e+019 
2.758400e+000 2.209265e+019 
2.758800e+000 2.204996e+019 
2.759200e+000 2.200721e+019 
2.759600e+000 2.196441e+019 
2.760000e+000 2.192155e+019 
2.760400e+000 2.187864e+019 
2.760800e+000 2.183568e+019 
2.761200e+000 2.179266e+019 
2.761600e+000 2.174959e+019 
2.762000e+000 2.170647e+019 
2.762400e+000 2.166330e+019 
2.762800e+000 2.162008e+019 
2.763200e+000 2.157680e+019 
2.763600e+000 2.153348e+019 
2.764000e+000 2.149011e+019 
2.764400e+000 2.144668e+019 
2.764800e+000 2.140321e+019 
2.765200e+000 2.135969e+019 
2.765600e+000 2.131612e+019 
2.766000e+000 2.127251e+019 
2.766400e+000 2.122884e+019 
2.766800e+000 2.118513e+019 
2.767200e+000 2.114138e+019 
2.767600e+000 2.109757e+019 
2.768000e+000 2.105373e+019 
2.768400e+000 2.100984e+019 
2.768800e+000 2.096590e+019 
2.769200e+000 2.092192e+019 
2.769600e+000 2.087789e+019 
2.770000e+000 2.083383e+019 
2.770400e+000 2.078972e+019 
2.770800e+000 2.074557e+019 
2.771200e+000 2.070138e+019 
2.771600e+000 2.065714e+019 
2.772000e+000 2.061287e+019 
2.772400e+000 2.056855e+019 
2.772800e+000 2.052420e+019 
2.773200e+000 2.047981e+019 
2.773600e+000 2.043538e+019 
2.774000e+000 2.039091e+019 
2.774400e+000 2.034640e+019 
2.774800e+000 2.030186e+019 
2.775200e+000 2.025728e+019 
2.775600e+000 2.021266e+019 
2.776000e+000 2.016801e+019 
2.776400e+000 2.012333e+019 
2.776800e+000 2.007860e+019 
2.777200e+000 2.003385e+019 
2.777600e+000 1.998906e+019 
2.778000e+000 1.994424e+019 
2.778400e+000 1.989939e+019 
2.778800e+000 1.985450e+019 
2.779200e+000 1.980959e+019 
2.779600e+000 1.976464e+019 
2.780000e+000 1.971966e+019 
2.780400e+000 1.967466e+019 
2.780800e+000 1.962962e+019 
2.781200e+000 1.958456e+019 
2.781600e+000 1.953946e+019 
2.782000e+000 1.949434e+019 
2.782400e+000 1.944920e+019 
2.782800e+000 1.940402e+019 
2.783200e+000 1.935882e+019 
2.783600e+000 1.931360e+019 
2.784000e+000 1.926835e+019 
2.784400e+000 1.922308e+019 
2.784800e+000 1.917778e+019 
2.785200e+000 1.913246e+019 
2.785600e+000 1.908712e+019 
2.786000e+000 1.904175e+019 
2.786400e+000 1.899637e+019 
2.786800e+000 1.895096e+019 
2.787200e+000 1.890553e+019 
2.787600e+000 1.886009e+019 
2.788000e+000 1.881462e+019 
2.788400e+000 1.876913e+019 
2.788800e+000 1.872363e+019 
2.789200e+000 1.867811e+019 
2.789600e+000 1.863258e+019 
2.790000e+000 1.858702e+019 
2.790400e+000 1.854145e+019 
2.790800e+000 1.849587e+019 
2.791200e+000 1.845027e+019 
2.791600e+000 1.840466e+019 
2.792000e+000 1.835903e+019 
2.792400e+000 1.831339e+019 
2.792800e+000 1.826774e+019 
2.793200e+000 1.822208e+019 
2.793600e+000 1.817641e+019 
2.794000e+000 1.813072e+019 
2.794400e+000 1.808503e+019 
2.794800e+000 1.803933e+019 
2.795200e+000 1.799362e+019 
2.795600e+000 1.794790e+019 
2.796000e+000 1.790217e+019 
2.796400e+000 1.785643e+019 
2.796800e+000 1.781069e+019 
2.797200e+000 1.776495e+019 
2.797600e+000 1.771920e+019 
2.798000e+000 1.767344e+019 
2.798400e+000 1.762768e+019 
2.798800e+000 1.758192e+019 
2.799200e+000 1.753615e+019 
2.799600e+000 1.749038e+019 
2.800000e+000 1.744461e+019 
2.800400e+000 1.739884e+019 
2.800800e+000 1.735307e+019 
2.801200e+000 1.730730e+019 
2.801600e+000 1.726153e+019 
2.802000e+000 1.721576e+019 
2.802400e+000 1.716999e+019 
2.802800e+000 1.712423e+019 
2.803200e+000 1.707847e+019 
2.803600e+000 1.703271e+019 
2.804000e+000 1.698696e+019 
2.804400e+000 1.694121e+019 
2.804800e+000 1.689547e+019 
2.805200e+000 1.684973e+019 
2.805600e+000 1.680401e+019 
2.806000e+000 1.675828e+019 
2.806400e+000 1.671257e+019 
2.806800e+000 1.666687e+019 
2.807200e+000 1.662117e+019 
2.807600e+000 1.657548e+019 
2.808000e+000 1.652981e+019 
2.808400e+000 1.648414e+019 
2.808800e+000 1.643849e+019 
2.809200e+000 1.639285e+019 
2.809600e+000 1.634722e+019 
2.810000e+000 1.630161e+019 
2.810400e+000 1.625601e+019 
2.810800e+000 1.621042e+019 
2.811200e+000 1.616485e+019 
2.811600e+000 1.611930e+019 
2.812000e+000 1.607376e+019 
2.812400e+000 1.602824e+019 
2.812800e+000 1.598273e+019 
2.813200e+000 1.593725e+019 
2.813600e+000 1.589178e+019 
2.814000e+000 1.584633e+019 
2.814400e+000 1.580091e+019 
2.814800e+000 1.575550e+019 
2.815200e+000 1.571011e+019 
2.815600e+000 1.566475e+019 
2.816000e+000 1.561941e+019 
2.816400e+000 1.557409e+019 
2.816800e+000 1.552880e+019 
2.817200e+000 1.548352e+019 
2.817600e+000 1.543828e+019 
2.818000e+000 1.539306e+019 
2.818400e+000 1.534786e+019 
2.818800e+000 1.530269e+019 
2.819200e+000 1.525755e+019 
2.819600e+000 1.521244e+019 
2.820000e+000 1.516735e+019 
2.820400e+000 1.512229e+019 
2.820800e+000 1.507726e+019 
2.821200e+000 1.503227e+019 
2.821600e+000 1.498730e+019 
2.822000e+000 1.494236e+019 
2.822400e+000 1.489746e+019 
2.822800e+000 1.485258e+019 
2.823200e+000 1.480774e+019 
2.823600e+000 1.476294e+019 
2.824000e+000 1.471816e+019 
2.824400e+000 1.467343e+019 
2.824800e+000 1.462872e+019 
2.825200e+000 1.458405e+019 
2.825600e+000 1.453942e+019 
2.826000e+000 1.449483e+019 
2.826400e+000 1.445027e+019 
2.826800e+000 1.440575e+019 
2.827200e+000 1.436127e+019 
2.827600e+000 1.431683e+019 
2.828000e+000 1.427242e+019 
2.828400e+000 1.422806e+019 
2.828800e+000 1.418374e+019 
2.829200e+000 1.413946e+019 
2.829600e+000 1.409522e+019 
2.830000e+000 1.405102e+019 
2.830400e+000 1.400686e+019 
2.830800e+000 1.396275e+019 
2.831200e+000 1.391868e+019 
2.831600e+000 1.387466e+019 
2.832000e+000 1.383068e+019 
2.832400e+000 1.378675e+019 
2.832800e+000 1.374286e+019 
2.833200e+000 1.369902e+019 
2.833600e+000 1.365522e+019 
2.834000e+000 1.361148e+019 
2.834400e+000 1.356778e+019 
2.834800e+000 1.352413e+019 
2.835200e+000 1.348053e+019 
2.835600e+000 1.343698e+019 
2.836000e+000 1.339348e+019 
2.836400e+000 1.335002e+019 
2.836800e+000 1.330662e+019 
2.837200e+000 1.326328e+019 
2.837600e+000 1.321998e+019 
2.838000e+000 1.317674e+019 
2.838400e+000 1.313355e+019 
2.838800e+000 1.309041e+019 
2.839200e+000 1.304733e+019 
2.839600e+000 1.300430e+019 
2.840000e+000 1.296132e+019 
2.840400e+000 1.291841e+019 
2.840800e+000 1.287554e+019 
2.841200e+000 1.283274e+019 
2.841600e+000 1.278999e+019 
2.842000e+000 1.274730e+019 
2.842400e+000 1.270466e+019 
2.842800e+000 1.266209e+019 
2.843200e+000 1.261957e+019 
2.843600e+000 1.257712e+019 
2.844000e+000 1.253472e+019 
2.844400e+000 1.249238e+019 
2.844800e+000 1.245011e+019 
2.845200e+000 1.240789e+019 
2.845600e+000 1.236574e+019 
2.846000e+000 1.232364e+019 
2.846400e+000 1.228162e+019 
2.846800e+000 1.223965e+019 
2.847200e+000 1.219775e+019 
2.847600e+000 1.215591e+019 
2.848000e+000 1.211413e+019 
2.848400e+000 1.207242e+019 
2.848800e+000 1.203077e+019 
2.849200e+000 1.198919e+019 
2.849600e+000 1.194768e+019 
2.850000e+000 1.190623e+019 
2.850400e+000 1.186485e+019 
2.850800e+000 1.182353e+019 
2.851200e+000 1.178229e+019 
2.851600e+000 1.174111e+019 
2.852000e+000 1.170000e+019 
2.852400e+000 1.165895e+019 
2.852800e+000 1.161798e+019 
2.853200e+000 1.157708e+019 
2.853600e+000 1.153624e+019 
2.854000e+000 1.149548e+019 
2.854400e+000 1.145479e+019 
2.854800e+000 1.141417e+019 
2.855200e+000 1.137362e+019 
2.855600e+000 1.133314e+019 
2.856000e+000 1.129273e+019 
2.856400e+000 1.125240e+019 
2.856800e+000 1.121214e+019 
2.857200e+000 1.117195e+019 
2.857600e+000 1.113183e+019 
2.858000e+000 1.109179e+019 
2.858400e+000 1.105183e+019 
2.858800e+000 1.101194e+019 
2.859200e+000 1.097212e+019 
2.859600e+000 1.093238e+019 
2.860000e+000 1.089272e+019 
2.860400e+000 1.085313e+019 
2.860800e+000 1.081361e+019 
2.861200e+000 1.077418e+019 
2.861600e+000 1.073482e+019 
2.862000e+000 1.069554e+019 
2.862400e+000 1.065633e+019 
2.862800e+000 1.061721e+019 
2.863200e+000 1.057816e+019 
2.863600e+000 1.053919e+019 
2.864000e+000 1.050030e+019 
2.864400e+000 1.046149e+019 
2.864800e+000 1.042275e+019 
2.865200e+000 1.038410e+019 
2.865600e+000 1.034553e+019 
2.866000e+000 1.030704e+019 
2.866400e+000 1.026863e+019 
2.866800e+000 1.023030e+019 
2.867200e+000 1.019205e+019 
2.867600e+000 1.015388e+019 
2.868000e+000 1.011580e+019 
2.868400e+000 1.007779e+019 
2.868800e+000 1.003987e+019 
2.869200e+000 1.000203e+019 
2.869600e+000 9.964277e+018 
2.870000e+000 9.926604e+018 
2.870400e+000 9.889015e+018 
2.870800e+000 9.851509e+018 
2.871200e+000 9.814087e+018 
2.871600e+000 9.776749e+018 
2.872000e+000 9.739496e+018 
2.872400e+000 9.702327e+018 
2.872800e+000 9.665242e+018 
2.873200e+000 9.628243e+018 
2.873600e+000 9.591329e+018 
2.874000e+000 9.554501e+018 
2.874400e+000 9.517758e+018 
2.874800e+000 9.481101e+018 
2.875200e+000 9.444530e+018 
2.875600e+000 9.408046e+018 
2.876000e+000 9.371648e+018 
2.876400e+000 9.335336e+018 
2.876800e+000 9.299112e+018 
2.877200e+000 9.262975e+018 
2.877600e+000 9.226925e+018 
2.878000e+000 9.190963e+018 
2.878400e+000 9.155088e+018 
2.878800e+000 9.119301e+018 
2.879200e+000 9.083603e+018 
2.879600e+000 9.047992e+018 
2.880000e+000 9.012470e+018 
2.880400e+000 8.977037e+018 
2.880800e+000 8.941692e+018 
2.881200e+000 8.906437e+018 
2.881600e+000 8.871270e+018 
2.882000e+000 8.836193e+018 
2.882400e+000 8.801205e+018 
2.882800e+000 8.766306e+018 
2.883200e+000 8.731497e+018 
2.883600e+000 8.696778e+018 
2.884000e+000 8.662149e+018 
2.884400e+000 8.627611e+018 
2.884800e+000 8.593162e+018 
2.885200e+000 8.558804e+018 
2.885600e+000 8.524536e+018 
2.886000e+000 8.490359e+018 
2.886400e+000 8.456273e+018 
2.886800e+000 8.422278e+018 
2.887200e+000 8.388373e+018 
2.887600e+000 8.354560e+018 
2.888000e+000 8.320838e+018 
2.888400e+000 8.287208e+018 
2.888800e+000 8.253668e+018 
2.889200e+000 8.220221e+018 
2.889600e+000 8.186865e+018 
2.890000e+000 8.153600e+018 
2.890400e+000 8.120428e+018 
2.890800e+000 8.087348e+018 
2.891200e+000 8.054359e+018 
2.891600e+000 8.021463e+018 
2.892000e+000 7.988658e+018 
2.892400e+000 7.955946e+018 
2.892800e+000 7.923327e+018 
2.893200e+000 7.890799e+018 
2.893600e+000 7.858365e+018 
2.894000e+000 7.826022e+018 
2.894400e+000 7.793773e+018 
2.894800e+000 7.761616e+018 
2.895200e+000 7.729551e+018 
2.895600e+000 7.697580e+018 
2.896000e+000 7.665701e+018 
2.896400e+000 7.633915e+018 
2.896800e+000 7.602222e+018 
2.897200e+000 7.570622e+018 
2.897600e+000 7.539115e+018 
2.898000e+000 7.507701e+018 
2.898400e+000 7.476380e+018 
2.898800e+000 7.445152e+018 
2.899200e+000 7.414018e+018 
2.899600e+000 7.382976e+018 
2.900000e+000 7.352028e+018 
2.900400e+000 7.321172e+018 
2.900800e+000 7.290410e+018 
2.901200e+000 7.259742e+018 
2.901600e+000 7.229166e+018 
2.902000e+000 7.198684e+018 
2.902400e+000 7.168295e+018 
2.902800e+000 7.137999e+018 
2.903200e+000 7.107797e+018 
2.903600e+000 7.077687e+018 
2.904000e+000 7.047671e+018 
2.904400e+000 7.017749e+018 
2.904800e+000 6.987919e+018 
2.905200e+000 6.958183e+018 
2.905600e+000 6.928540e+018 
2.906000e+000 6.898990e+018 
2.906400e+000 6.869534e+018 
2.906800e+000 6.840170e+018 
2.907200e+000 6.810900e+018 
2.907600e+000 6.781723e+018 
2.908000e+000 6.752639e+018 
2.908400e+000 6.723648e+018 
2.908800e+000 6.694750e+018 
2.909200e+000 6.665945e+018 
2.909600e+000 6.637233e+018 
2.910000e+000 6.608613e+018 
2.910400e+000 6.580087e+018 
2.910800e+000 6.551654e+018 
2.911200e+000 6.523313e+018 
2.911600e+000 6.495065e+018 
2.912000e+000 6.466910e+018 
2.912400e+000 6.438847e+018 
2.912800e+000 6.410877e+018 
2.913200e+000 6.383000e+018 
2.913600e+000 6.355215e+018 
2.914000e+000 6.327522e+018 
2.914400e+000 6.299922e+018 
2.914800e+000 6.272414e+018 
2.915200e+000 6.244998e+018 
2.915600e+000 6.217674e+018 
2.916000e+000 6.190442e+018 
2.916400e+000 6.163303e+018 
2.916800e+000 6.136255e+018 
2.917200e+000 6.109299e+018 
2.917600e+000 6.082434e+018 
2.918000e+000 6.055662e+018 
2.918400e+000 6.028981e+018 
2.918800e+000 6.002391e+018 
2.919200e+000 5.975893e+018 
2.919600e+000 5.949486e+018 
2.920000e+000 5.923170e+018 
2.920400e+000 5.896946e+018 
2.920800e+000 5.870812e+018 
2.921200e+000 5.844769e+018 
2.921600e+000 5.818817e+018 
2.922000e+000 5.792956e+018 
2.922400e+000 5.767186e+018 
2.922800e+000 5.741506e+018 
2.923200e+000 5.715916e+018 
2.923600e+000 5.690416e+018 
2.924000e+000 5.665007e+018 
2.924400e+000 5.639688e+018 
2.924800e+000 5.614459e+018 
2.925200e+000 5.589319e+018 
2.925600e+000 5.564270e+018 
2.926000e+000 5.539310e+018 
2.926400e+000 5.514439e+018 
2.926800e+000 5.489658e+018 
2.927200e+000 5.464965e+018 
2.927600e+000 5.440362e+018 
2.928000e+000 5.415848e+018 
2.928400e+000 5.391423e+018 
2.928800e+000 5.367087e+018 
2.929200e+000 5.342839e+018 
2.929600e+000 5.318679e+018 
2.930000e+000 5.294608e+018 
2.930400e+000 5.270625e+018 
2.930800e+000 5.246730e+018 
2.931200e+000 5.222922e+018 
2.931600e+000 5.199203e+018 
2.932000e+000 5.175571e+018 
2.932400e+000 5.152027e+018 
2.932800e+000 5.128569e+018 
2.933200e+000 5.105199e+018 
2.933600e+000 5.081916e+018 
2.934000e+000 5.058720e+018 
2.934400e+000 5.035611e+018 
2.934800e+000 5.012588e+018 
2.935200e+000 4.989651e+018 
2.935600e+000 4.966801e+018 
2.936000e+000 4.944037e+018 
2.936400e+000 4.921359e+018 
2.936800e+000 4.898766e+018 
2.937200e+000 4.876259e+018 
2.937600e+000 4.853838e+018 
2.938000e+000 4.831502e+018 
2.938400e+000 4.809251e+018 
2.938800e+000 4.787084e+018 
2.939200e+000 4.765003e+018 
2.939600e+000 4.743006e+018 
2.940000e+000 4.721094e+018 
2.940400e+000 4.699266e+018 
2.940800e+000 4.677522e+018 
2.941200e+000 4.655862e+018 
2.941600e+000 4.634286e+018 
2.942000e+000 4.612793e+018 
2.942400e+000 4.591384e+018 
2.942800e+000 4.570058e+018 
2.943200e+000 4.548815e+018 
2.943600e+000 4.527655e+018 
2.944000e+000 4.506577e+018 
2.944400e+000 4.485582e+018 
2.944800e+000 4.464670e+018 
2.945200e+000 4.443840e+018 
2.945600e+000 4.423091e+018 
2.946000e+000 4.402424e+018 
2.946400e+000 4.381839e+018 
2.946800e+000 4.361336e+018 
2.947200e+000 4.340913e+018 
2.947600e+000 4.320572e+018 
2.948000e+000 4.300311e+018 
2.948400e+000 4.280132e+018 
2.948800e+000 4.260032e+018 
2.949200e+000 4.240013e+018 
2.949600e+000 4.220074e+018 
2.950000e+000 4.200215e+018 
2.950400e+000 4.180436e+018 
2.950800e+000 4.160736e+018 
2.951200e+000 4.141115e+018 
2.951600e+000 4.121574e+018 
2.952000e+000 4.102111e+018 
2.952400e+000 4.082727e+018 
2.952800e+000 4.063422e+018 
2.953200e+000 4.044195e+018 
2.953600e+000 4.025046e+018 
2.954000e+000 4.005976e+018 
2.954400e+000 3.986983e+018 
2.954800e+000 3.968067e+018 
2.955200e+000 3.949229e+018 
2.955600e+000 3.930468e+018 
2.956000e+000 3.911784e+018 
2.956400e+000 3.893176e+018 
2.956800e+000 3.874645e+018 
2.957200e+000 3.856191e+018 
2.957600e+000 3.837812e+018 
2.958000e+000 3.819510e+018 
2.958400e+000 3.801283e+018 
2.958800e+000 3.783132e+018 
2.959200e+000 3.765056e+018 
2.959600e+000 3.747055e+018 
2.960000e+000 3.729129e+018 
2.960400e+000 3.711278e+018 
2.960800e+000 3.693501e+018 
2.961200e+000 3.675798e+018 
2.961600e+000 3.658170e+018 
2.962000e+000 3.640615e+018 
2.962400e+000 3.623134e+018 
2.962800e+000 3.605726e+018 
2.963200e+000 3.588392e+018 
2.963600e+000 3.571131e+018 
2.964000e+000 3.553942e+018 
2.964400e+000 3.536826e+018 
2.964800e+000 3.519782e+018 
2.965200e+000 3.502811e+018 
2.965600e+000 3.485911e+018 
2.966000e+000 3.469084e+018 
2.966400e+000 3.452327e+018 
2.966800e+000 3.435643e+018 
2.967200e+000 3.419029e+018 
2.967600e+000 3.402486e+018 
2.968000e+000 3.386014e+018 
2.968400e+000 3.369612e+018 
2.968800e+000 3.353280e+018 
2.969200e+000 3.337019e+018 
2.969600e+000 3.320827e+018 
2.970000e+000 3.304705e+018 
2.970400e+000 3.288652e+018 
2.970800e+000 3.272669e+018 
2.971200e+000 3.256754e+018 
2.971600e+000 3.240909e+018 
2.972000e+000 3.225131e+018 
2.972400e+000 3.209423e+018 
2.972800e+000 3.193782e+018 
2.973200e+000 3.178209e+018 
2.973600e+000 3.162704e+018 
2.974000e+000 3.147266e+018 
2.974400e+000 3.131895e+018 
2.974800e+000 3.116592e+018 
2.975200e+000 3.101355e+018 
2.975600e+000 3.086185e+018 
2.976000e+000 3.071081e+018 
2.976400e+000 3.056044e+018 
2.976800e+000 3.041072e+018 
2.977200e+000 3.026166e+018 
2.977600e+000 3.011326e+018 
2.978000e+000 2.996551e+018 
2.978400e+000 2.981841e+018 
2.978800e+000 2.967196e+018 
2.979200e+000 2.952615e+018 
2.979600e+000 2.938099e+018 
2.980000e+000 2.923647e+018 
2.980400e+000 2.909260e+018 
2.980800e+000 2.894936e+018 
2.981200e+000 2.880675e+018 
2.981600e+000 2.866478e+018 
2.982000e+000 2.852344e+018 
2.982400e+000 2.838273e+018 
2.982800e+000 2.824265e+018 
2.983200e+000 2.810319e+018 
2.983600e+000 2.796436e+018 
2.984000e+000 2.782614e+018 
2.984400e+000 2.768855e+018 
2.984800e+000 2.755157e+018 
2.985200e+000 2.741520e+018 
2.985600e+000 2.727945e+018 
2.986000e+000 2.714430e+018 
2.986400e+000 2.700977e+018 
2.986800e+000 2.687584e+018 
2.987200e+000 2.674251e+018 
2.987600e+000 2.660979e+018 
2.988000e+000 2.647766e+018 
2.988400e+000 2.634614e+018 
2.988800e+000 2.621520e+018 
2.989200e+000 2.608486e+018 
2.989600e+000 2.595511e+018 
2.990000e+000 2.582595e+018 
2.990400e+000 2.569738e+018 
2.990800e+000 2.556939e+018 
2.991200e+000 2.544198e+018 
2.991600e+000 2.531515e+018 
2.992000e+000 2.518891e+018 
2.992400e+000 2.506323e+018 
2.992800e+000 2.493813e+018 
2.993200e+000 2.481361e+018 
2.993600e+000 2.468965e+018 
2.994000e+000 2.456626e+018 
2.994400e+000 2.444343e+018 
2.994800e+000 2.432117e+018 
2.995200e+000 2.419947e+018 
2.995600e+000 2.407833e+018 
2.996000e+000 2.395775e+018 
2.996400e+000 2.383772e+018 
2.996800e+000 2.371824e+018 
2.997200e+000 2.359932e+018 
2.997600e+000 2.348094e+018 
2.998000e+000 2.336311e+018 
2.998400e+000 2.324583e+018 
2.998800e+000 2.312908e+018 
2.999200e+000 2.301288e+018 
2.999600e+000 2.289722e+018 
3.000000e+000 2.278209e+018 
3.000400e+000 2.266750e+018 
3.000800e+000 2.255344e+018 
3.001200e+000 2.243991e+018 
3.001600e+000 2.232691e+018 
3.002000e+000 2.221443e+018 
3.002400e+000 2.210248e+018 
3.002800e+000 2.199105e+018 
3.003200e+000 2.188015e+018 
3.003600e+000 2.176976e+018 
3.004000e+000 2.165988e+018 
3.004400e+000 2.155052e+018 
3.004800e+000 2.144167e+018 
3.005200e+000 2.133334e+018 
3.005600e+000 2.122551e+018 
3.006000e+000 2.111818e+018 
3.006400e+000 2.101136e+018 
3.006800e+000 2.090504e+018 
3.007200e+000 2.079923e+018 
3.007600e+000 2.069391e+018 
3.008000e+000 2.058908e+018 
3.008400e+000 2.048476e+018 
3.008800e+000 2.038092e+018 
3.009200e+000 2.027757e+018 
3.009600e+000 2.017471e+018 
3.010000e+000 2.007234e+018 
3.010400e+000 1.997046e+018 
3.010800e+000 1.986905e+018 
3.011200e+000 1.976813e+018 
3.011600e+000 1.966768e+018 
3.012000e+000 1.956771e+018 
3.012400e+000 1.946822e+018 
3.012800e+000 1.936920e+018 
3.013200e+000 1.927065e+018 
3.013600e+000 1.917256e+018 
3.014000e+000 1.907495e+018 
3.014400e+000 1.897780e+018 
3.014800e+000 1.888111e+018 
3.015200e+000 1.878489e+018 
3.015600e+000 1.868912e+018 
3.016000e+000 1.859382e+018 
3.016400e+000 1.849896e+018 
3.016800e+000 1.840457e+018 
3.017200e+000 1.831062e+018 
3.017600e+000 1.821712e+018 
3.018000e+000 1.812408e+018 
3.018400e+000 1.803147e+018 
3.018800e+000 1.793932e+018 
3.019200e+000 1.784760e+018 
3.019600e+000 1.775633e+018 
3.020000e+000 1.766549e+018 
3.020400e+000 1.757510e+018 
3.020800e+000 1.748513e+018 
3.021200e+000 1.739561e+018 
3.021600e+000 1.730651e+018 
3.022000e+000 1.721784e+018 
3.022400e+000 1.712960e+018 
3.022800e+000 1.704179e+018 
3.023200e+000 1.695440e+018 
3.023600e+000 1.686743e+018 
3.024000e+000 1.678089e+018 
3.024400e+000 1.669476e+018 
3.024800e+000 1.660905e+018 
3.025200e+000 1.652376e+018 
3.025600e+000 1.643888e+018 
3.026000e+000 1.635441e+018 
3.026400e+000 1.627036e+018 
3.026800e+000 1.618671e+018 
3.027200e+000 1.610347e+018 
3.027600e+000 1.602063e+018 
3.028000e+000 1.593820e+018 
3.028400e+000 1.585616e+018 
3.028800e+000 1.577453e+018 
3.029200e+000 1.569330e+018 
3.029600e+000 1.561246e+018 
3.030000e+000 1.553201e+018 
3.030400e+000 1.545196e+018 
3.030800e+000 1.537230e+018 
3.031200e+000 1.529303e+018 
3.031600e+000 1.521415e+018 
3.032000e+000 1.513565e+018 
3.032400e+000 1.505754e+018 
3.032800e+000 1.497981e+018 
3.033200e+000 1.490247e+018 
3.033600e+000 1.482550e+018 
3.034000e+000 1.474891e+018 
3.034400e+000 1.467269e+018 
3.034800e+000 1.459685e+018 
3.035200e+000 1.452138e+018 
3.035600e+000 1.444629e+018 
3.036000e+000 1.437156e+018 
3.036400e+000 1.429720e+018 
3.036800e+000 1.422321e+018 
3.037200e+000 1.414958e+018 
3.037600e+000 1.407632e+018 
3.038000e+000 1.400341e+018 
3.038400e+000 1.393087e+018 
3.038800e+000 1.385868e+018 
3.039200e+000 1.378686e+018 
3.039600e+000 1.371538e+018 
3.040000e+000 1.364426e+018 
3.040400e+000 1.357349e+018 
3.040800e+000 1.350308e+018 
3.041200e+000 1.343301e+018 
3.041600e+000 1.336329e+018 
3.042000e+000 1.329391e+018 
3.042400e+000 1.322488e+018 
3.042800e+000 1.315619e+018 
3.043200e+000 1.308784e+018 
3.043600e+000 1.301983e+018 
3.044000e+000 1.295216e+018 
3.044400e+000 1.288482e+018 
3.044800e+000 1.281782e+018 
3.045200e+000 1.275116e+018 
3.045600e+000 1.268482e+018 
3.046000e+000 1.261882e+018 
3.046400e+000 1.255314e+018 
3.046800e+000 1.248780e+018 
3.047200e+000 1.242277e+018 
3.047600e+000 1.235808e+018 
3.048000e+000 1.229370e+018 
3.048400e+000 1.222965e+018 
3.048800e+000 1.216591e+018 
3.049200e+000 1.210250e+018 
3.049600e+000 1.203940e+018 
3.050000e+000 1.197662e+018 
3.050400e+000 1.191415e+018 
3.050800e+000 1.185200e+018 
3.051200e+000 1.179015e+018 
3.051600e+000 1.172862e+018 
3.052000e+000 1.166740e+018 
3.052400e+000 1.160648e+018 
3.052800e+000 1.154587e+018 
3.053200e+000 1.148556e+018 
3.053600e+000 1.142555e+018 
3.054000e+000 1.136585e+018 
3.054400e+000 1.130644e+018 
3.054800e+000 1.124734e+018 
3.055200e+000 1.118853e+018 
3.055600e+000 1.113002e+018 
3.056000e+000 1.107180e+018 
3.056400e+000 1.101388e+018 
3.056800e+000 1.095624e+018 
3.057200e+000 1.089890e+018 
3.057600e+000 1.084185e+018 
3.058000e+000 1.078508e+018 
3.058400e+000 1.072861e+018 
3.058800e+000 1.067241e+018 
3.059200e+000 1.061650e+018 
3.059600e+000 1.056087e+018 
3.060000e+000 1.050553e+018 
3.060400e+000 1.045046e+018 
3.060800e+000 1.039567e+018 
3.061200e+000 1.034116e+018 
3.061600e+000 1.028693e+018 
3.062000e+000 1.023296e+018 
3.062400e+000 1.017928e+018 
3.062800e+000 1.012586e+018 
3.063200e+000 1.007272e+018 
3.063600e+000 1.001984e+018 
3.064000e+000 9.967235e+017 
3.064400e+000 9.914895e+017 
3.064800e+000 9.862820e+017 
3.065200e+000 9.811010e+017 
3.065600e+000 9.759463e+017 
3.066000e+000 9.708178e+017 
3.066400e+000 9.657153e+017 
3.066800e+000 9.606388e+017 
3.067200e+000 9.555881e+017 
3.067600e+000 9.505631e+017 
3.068000e+000 9.455637e+017 
3.068400e+000 9.405898e+017 
3.068800e+000 9.356411e+017 
3.069200e+000 9.307177e+017 
3.069600e+000 9.258194e+017 
3.070000e+000 9.209460e+017 
3.070400e+000 9.160975e+017 
3.070800e+000 9.112737e+017 
3.071200e+000 9.064746e+017 
3.071600e+000 9.016999e+017 
3.072000e+000 8.969497e+017 
3.072400e+000 8.922236e+017 
3.072800e+000 8.875218e+017 
3.073200e+000 8.828439e+017 
3.073600e+000 8.781900e+017 
3.074000e+000 8.735599e+017 
3.074400e+000 8.689535e+017 
3.074800e+000 8.643706e+017 
3.075200e+000 8.598112e+017 
3.075600e+000 8.552752e+017 
3.076000e+000 8.507624e+017 
3.076400e+000 8.462727e+017 
3.076800e+000 8.418060e+017 
3.077200e+000 8.373623e+017 
3.077600e+000 8.329413e+017 
3.078000e+000 8.285430e+017 
3.078400e+000 8.241673e+017 
3.078800e+000 8.198140e+017 
3.079200e+000 8.154831e+017 
3.079600e+000 8.111744e+017 
3.080000e+000 8.068879e+017 
3.080400e+000 8.026234e+017 
3.080800e+000 7.983808e+017 
3.081200e+000 7.941600e+017 
3.081600e+000 7.899610e+017 
3.082000e+000 7.857835e+017 
3.082400e+000 7.816275e+017 
3.082800e+000 7.774930e+017 
3.083200e+000 7.733797e+017 
3.083600e+000 7.692876e+017 
3.084000e+000 7.652166e+017 
3.084400e+000 7.611666e+017 
3.084800e+000 7.571375e+017 
3.085200e+000 7.531291e+017 
3.085600e+000 7.491414e+017 
3.086000e+000 7.451743e+017 
3.086400e+000 7.412277e+017 
3.086800e+000 7.373014e+017 
3.087200e+000 7.333954e+017 
3.087600e+000 7.295096e+017 
3.088000e+000 7.256439e+017 
3.088400e+000 7.217981e+017 
3.088800e+000 7.179722e+017 
3.089200e+000 7.141661e+017 
3.089600e+000 7.103797e+017 
3.090000e+000 7.066128e+017 
