R[m] ne[m^-3]
2.530000e+000 1.237753e+020 
2.530400e+000 1.237419e+020 
2.530800e+000 1.237084e+020 
2.531200e+000 1.236748e+020 
2.531600e+000 1.236412e+020 
2.532000e+000 1.236075e+020 
2.532400e+000 1.235737e+020 
2.532800e+000 1.235398e+020 
2.533200e+000 1.235058e+020 
2.533600e+000 1.234718e+020 
2.534000e+000 1.234377e+020 
2.534400e+000 1.234035e+020 
2.534800e+000 1.233693e+020 
2.535200e+000 1.233349e+020 
2.535600e+000 1.233005e+020 
2.536000e+000 1.232660e+020 
2.536400e+000 1.232314e+020 
2.536800e+000 1.231967e+020 
2.537200e+000 1.231620e+020 
2.537600e+000 1.231272e+020 
2.538000e+000 1.230923e+020 
2.538400e+000 1.230573e+020 
2.538800e+000 1.230222e+020 
2.539200e+000 1.229870e+020 
2.539600e+000 1.229518e+020 
2.540000e+000 1.229164e+020 
2.540400e+000 1.228810e+020 
2.540800e+000 1.228455e+020 
2.541200e+000 1.228099e+020 
2.541600e+000 1.227743e+020 
2.542000e+000 1.227385e+020 
2.542400e+000 1.227027e+020 
2.542800e+000 1.226667e+020 
2.543200e+000 1.226307e+020 
2.543600e+000 1.225946e+020 
2.544000e+000 1.225584e+020 
2.544400e+000 1.225221e+020 
2.544800e+000 1.224857e+020 
2.545200e+000 1.224493e+020 
2.545600e+000 1.224127e+020 
2.546000e+000 1.223761e+020 
2.546400e+000 1.223393e+020 
2.546800e+000 1.223025e+020 
2.547200e+000 1.222656e+020 
2.547600e+000 1.222286e+020 
2.548000e+000 1.221915e+020 
2.548400e+000 1.221543e+020 
2.548800e+000 1.221170e+020 
2.549200e+000 1.220796e+020 
2.549600e+000 1.220422e+020 
2.550000e+000 1.220046e+020 
2.550400e+000 1.219669e+020 
2.550800e+000 1.219292e+020 
2.551200e+000 1.218913e+020 
2.551600e+000 1.218534e+020 
2.552000e+000 1.218153e+020 
2.552400e+000 1.217772e+020 
2.552800e+000 1.217389e+020 
2.553200e+000 1.217006e+020 
2.553600e+000 1.216622e+020 
2.554000e+000 1.216236e+020 
2.554400e+000 1.215850e+020 
2.554800e+000 1.215463e+020 
2.555200e+000 1.215074e+020 
2.555600e+000 1.214685e+020 
2.556000e+000 1.214295e+020 
2.556400e+000 1.213903e+020 
2.556800e+000 1.213511e+020 
2.557200e+000 1.213118e+020 
2.557600e+000 1.212723e+020 
2.558000e+000 1.212328e+020 
2.558400e+000 1.211931e+020 
2.558800e+000 1.211534e+020 
2.559200e+000 1.211135e+020 
2.559600e+000 1.210736e+020 
2.560000e+000 1.210335e+020 
2.560400e+000 1.209933e+020 
2.560800e+000 1.209530e+020 
2.561200e+000 1.209127e+020 
2.561600e+000 1.208722e+020 
2.562000e+000 1.208316e+020 
2.562400e+000 1.207909e+020 
2.562800e+000 1.207500e+020 
2.563200e+000 1.207091e+020 
2.563600e+000 1.206681e+020 
2.564000e+000 1.206269e+020 
2.564400e+000 1.205857e+020 
2.564800e+000 1.205443e+020 
2.565200e+000 1.205029e+020 
2.565600e+000 1.204613e+020 
2.566000e+000 1.204196e+020 
2.566400e+000 1.203777e+020 
2.566800e+000 1.203358e+020 
2.567200e+000 1.202938e+020 
2.567600e+000 1.202516e+020 
2.568000e+000 1.202094e+020 
2.568400e+000 1.201670e+020 
2.568800e+000 1.201245e+020 
2.569200e+000 1.200819e+020 
2.569600e+000 1.200391e+020 
2.570000e+000 1.199963e+020 
2.570400e+000 1.199533e+020 
2.570800e+000 1.199102e+020 
2.571200e+000 1.198670e+020 
2.571600e+000 1.198237e+020 
2.572000e+000 1.197803e+020 
2.572400e+000 1.197367e+020 
2.572800e+000 1.196930e+020 
2.573200e+000 1.196492e+020 
2.573600e+000 1.196053e+020 
2.574000e+000 1.195612e+020 
2.574400e+000 1.195171e+020 
2.574800e+000 1.194728e+020 
2.575200e+000 1.194284e+020 
2.575600e+000 1.193838e+020 
2.576000e+000 1.193392e+020 
2.576400e+000 1.192944e+020 
2.576800e+000 1.192494e+020 
2.577200e+000 1.192044e+020 
2.577600e+000 1.191592e+020 
2.578000e+000 1.191139e+020 
2.578400e+000 1.190685e+020 
2.578800e+000 1.190230e+020 
2.579200e+000 1.189773e+020 
2.579600e+000 1.189315e+020 
2.580000e+000 1.188855e+020 
2.580400e+000 1.188394e+020 
2.580800e+000 1.187932e+020 
2.581200e+000 1.187469e+020 
2.581600e+000 1.187004e+020 
2.582000e+000 1.186538e+020 
2.582400e+000 1.186071e+020 
2.582800e+000 1.185602e+020 
2.583200e+000 1.185132e+020 
2.583600e+000 1.184661e+020 
2.584000e+000 1.184188e+020 
2.584400e+000 1.183714e+020 
2.584800e+000 1.183239e+020 
2.585200e+000 1.182762e+020 
2.585600e+000 1.182284e+020 
2.586000e+000 1.181804e+020 
2.586400e+000 1.181324e+020 
2.586800e+000 1.180841e+020 
2.587200e+000 1.180357e+020 
2.587600e+000 1.179872e+020 
2.588000e+000 1.179386e+020 
2.588400e+000 1.178898e+020 
2.588800e+000 1.178408e+020 
2.589200e+000 1.177918e+020 
2.589600e+000 1.177425e+020 
2.590000e+000 1.176932e+020 
2.590400e+000 1.176437e+020 
2.590800e+000 1.175940e+020 
2.591200e+000 1.175442e+020 
2.591600e+000 1.174943e+020 
2.592000e+000 1.174442e+020 
2.592400e+000 1.173939e+020 
2.592800e+000 1.173436e+020 
2.593200e+000 1.172930e+020 
2.593600e+000 1.172423e+020 
2.594000e+000 1.171915e+020 
2.594400e+000 1.171405e+020 
2.594800e+000 1.170894e+020 
2.595200e+000 1.170381e+020 
2.595600e+000 1.169867e+020 
2.596000e+000 1.169351e+020 
2.596400e+000 1.168833e+020 
2.596800e+000 1.168314e+020 
2.597200e+000 1.167794e+020 
2.597600e+000 1.167272e+020 
2.598000e+000 1.166748e+020 
2.598400e+000 1.166223e+020 
2.598800e+000 1.165696e+020 
2.599200e+000 1.165168e+020 
2.599600e+000 1.164638e+020 
2.600000e+000 1.164107e+020 
2.600400e+000 1.163574e+020 
2.600800e+000 1.163039e+020 
2.601200e+000 1.162503e+020 
2.601600e+000 1.161965e+020 
2.602000e+000 1.161425e+020 
2.602400e+000 1.160884e+020 
2.602800e+000 1.160342e+020 
2.603200e+000 1.159797e+020 
2.603600e+000 1.159251e+020 
2.604000e+000 1.158704e+020 
2.604400e+000 1.158155e+020 
2.604800e+000 1.157604e+020 
2.605200e+000 1.157051e+020 
2.605600e+000 1.156497e+020 
2.606000e+000 1.155941e+020 
2.606400e+000 1.155383e+020 
2.606800e+000 1.154824e+020 
2.607200e+000 1.154263e+020 
2.607600e+000 1.153700e+020 
2.608000e+000 1.153136e+020 
2.608400e+000 1.152570e+020 
2.608800e+000 1.152002e+020 
2.609200e+000 1.151433e+020 
2.609600e+000 1.150861e+020 
2.610000e+000 1.150288e+020 
2.610400e+000 1.149714e+020 
2.610800e+000 1.149137e+020 
2.611200e+000 1.148559e+020 
2.611600e+000 1.147979e+020 
2.612000e+000 1.147397e+020 
2.612400e+000 1.146814e+020 
2.612800e+000 1.146228e+020 
2.613200e+000 1.145641e+020 
2.613600e+000 1.145052e+020 
2.614000e+000 1.144462e+020 
2.614400e+000 1.143869e+020 
2.614800e+000 1.143275e+020 
2.615200e+000 1.142679e+020 
2.615600e+000 1.142081e+020 
2.616000e+000 1.141481e+020 
2.616400e+000 1.140879e+020 
2.616800e+000 1.140276e+020 
2.617200e+000 1.139671e+020 
2.617600e+000 1.139064e+020 
2.618000e+000 1.138455e+020 
2.618400e+000 1.137844e+020 
2.618800e+000 1.137231e+020 
2.619200e+000 1.136616e+020 
2.619600e+000 1.136000e+020 
2.620000e+000 1.135381e+020 
2.620400e+000 1.134761e+020 
2.620800e+000 1.134139e+020 
2.621200e+000 1.133515e+020 
2.621600e+000 1.132889e+020 
2.622000e+000 1.132261e+020 
2.622400e+000 1.131631e+020 
2.622800e+000 1.130999e+020 
2.623200e+000 1.130365e+020 
2.623600e+000 1.129729e+020 
2.624000e+000 1.129091e+020 
2.624400e+000 1.128452e+020 
2.624800e+000 1.127810e+020 
2.625200e+000 1.127167e+020 
2.625600e+000 1.126521e+020 
2.626000e+000 1.125873e+020 
2.626400e+000 1.125224e+020 
2.626800e+000 1.124572e+020 
2.627200e+000 1.123918e+020 
2.627600e+000 1.123263e+020 
2.628000e+000 1.122605e+020 
2.628400e+000 1.121946e+020 
2.628800e+000 1.121284e+020 
2.629200e+000 1.120620e+020 
2.629600e+000 1.119954e+020 
2.630000e+000 1.119286e+020 
2.630400e+000 1.118616e+020 
2.630800e+000 1.117944e+020 
2.631200e+000 1.117270e+020 
2.631600e+000 1.116594e+020 
2.632000e+000 1.115916e+020 
2.632400e+000 1.115236e+020 
2.632800e+000 1.114553e+020 
2.633200e+000 1.113869e+020 
2.633600e+000 1.113182e+020 
2.634000e+000 1.112493e+020 
2.634400e+000 1.111802e+020 
2.634800e+000 1.111109e+020 
2.635200e+000 1.110414e+020 
2.635600e+000 1.109717e+020 
2.636000e+000 1.109017e+020 
2.636400e+000 1.108316e+020 
2.636800e+000 1.107612e+020 
2.637200e+000 1.106906e+020 
2.637600e+000 1.106198e+020 
2.638000e+000 1.105487e+020 
2.638400e+000 1.104775e+020 
2.638800e+000 1.104060e+020 
2.639200e+000 1.103343e+020 
2.639600e+000 1.102624e+020 
2.640000e+000 1.101903e+020 
2.640400e+000 1.101179e+020 
2.640800e+000 1.100453e+020 
2.641200e+000 1.099725e+020 
2.641600e+000 1.098995e+020 
2.642000e+000 1.098263e+020 
2.642400e+000 1.097528e+020 
2.642800e+000 1.096791e+020 
2.643200e+000 1.096051e+020 
2.643600e+000 1.095310e+020 
2.644000e+000 1.094566e+020 
2.644400e+000 1.093820e+020 
2.644800e+000 1.093071e+020 
2.645200e+000 1.092321e+020 
2.645600e+000 1.091568e+020 
2.646000e+000 1.090812e+020 
2.646400e+000 1.090054e+020 
2.646800e+000 1.089294e+020 
2.647200e+000 1.088532e+020 
2.647600e+000 1.087767e+020 
2.648000e+000 1.087000e+020 
2.648400e+000 1.086231e+020 
2.648800e+000 1.085459e+020 
2.649200e+000 1.084685e+020 
2.649600e+000 1.083909e+020 
2.650000e+000 1.083130e+020 
2.650400e+000 1.082349e+020 
2.650800e+000 1.081565e+020 
2.651200e+000 1.080779e+020 
2.651600e+000 1.079991e+020 
2.652000e+000 1.079200e+020 
2.652400e+000 1.078407e+020 
2.652800e+000 1.077611e+020 
2.653200e+000 1.076813e+020 
2.653600e+000 1.076013e+020 
2.654000e+000 1.075210e+020 
2.654400e+000 1.074405e+020 
2.654800e+000 1.073597e+020 
2.655200e+000 1.072787e+020 
2.655600e+000 1.071974e+020 
2.656000e+000 1.071159e+020 
2.656400e+000 1.070341e+020 
2.656800e+000 1.069521e+020 
2.657200e+000 1.068699e+020 
2.657600e+000 1.067874e+020 
2.658000e+000 1.067046e+020 
2.658400e+000 1.066216e+020 
2.658800e+000 1.065384e+020 
2.659200e+000 1.064549e+020 
2.659600e+000 1.063711e+020 
2.660000e+000 1.062871e+020 
2.660400e+000 1.062028e+020 
2.660800e+000 1.061183e+020 
2.661200e+000 1.060336e+020 
2.661600e+000 1.059485e+020 
2.662000e+000 1.058633e+020 
2.662400e+000 1.057777e+020 
2.662800e+000 1.056919e+020 
2.663200e+000 1.056059e+020 
2.663600e+000 1.055196e+020 
2.664000e+000 1.054330e+020 
2.664400e+000 1.053462e+020 
2.664800e+000 1.052592e+020 
2.665200e+000 1.051718e+020 
2.665600e+000 1.050842e+020 
2.666000e+000 1.049964e+020 
2.666400e+000 1.049083e+020 
2.666800e+000 1.048199e+020 
2.667200e+000 1.047313e+020 
2.667600e+000 1.046424e+020 
2.668000e+000 1.045532e+020 
2.668400e+000 1.044638e+020 
2.668800e+000 1.043741e+020 
2.669200e+000 1.042841e+020 
2.669600e+000 1.041939e+020 
2.670000e+000 1.041034e+020 
2.670400e+000 1.040127e+020 
2.670800e+000 1.039217e+020 
2.671200e+000 1.038304e+020 
2.671600e+000 1.037389e+020 
2.672000e+000 1.036470e+020 
2.672400e+000 1.035550e+020 
2.672800e+000 1.034626e+020 
2.673200e+000 1.033700e+020 
2.673600e+000 1.032771e+020 
2.674000e+000 1.031839e+020 
2.674400e+000 1.030905e+020 
2.674800e+000 1.029968e+020 
2.675200e+000 1.029029e+020 
2.675600e+000 1.028086e+020 
2.676000e+000 1.027141e+020 
2.676400e+000 1.026193e+020 
2.676800e+000 1.025243e+020 
2.677200e+000 1.024289e+020 
2.677600e+000 1.023333e+020 
2.678000e+000 1.022374e+020 
2.678400e+000 1.021413e+020 
2.678800e+000 1.020449e+020 
2.679200e+000 1.019482e+020 
2.679600e+000 1.018512e+020 
2.680000e+000 1.017539e+020 
2.680400e+000 1.016564e+020 
2.680800e+000 1.015586e+020 
2.681200e+000 1.014605e+020 
2.681600e+000 1.013622e+020 
2.682000e+000 1.012635e+020 
2.682400e+000 1.011646e+020 
2.682800e+000 1.010654e+020 
2.683200e+000 1.009659e+020 
2.683600e+000 1.008662e+020 
2.684000e+000 1.007662e+020 
2.684400e+000 1.006658e+020 
2.684800e+000 1.005653e+020 
2.685200e+000 1.004644e+020 
2.685600e+000 1.003632e+020 
2.686000e+000 1.002618e+020 
2.686400e+000 1.001601e+020 
2.686800e+000 1.000581e+020 
2.687200e+000 9.995581e+019 
2.687600e+000 9.985326e+019 
2.688000e+000 9.975041e+019 
2.688400e+000 9.964729e+019 
2.688800e+000 9.954388e+019 
2.689200e+000 9.944019e+019 
2.689600e+000 9.933622e+019 
2.690000e+000 9.923197e+019 
2.690400e+000 9.912742e+019 
2.690800e+000 9.902260e+019 
2.691200e+000 9.891749e+019 
2.691600e+000 9.881210e+019 
2.692000e+000 9.870642e+019 
2.692400e+000 9.860046e+019 
2.692800e+000 9.849421e+019 
2.693200e+000 9.838768e+019 
2.693600e+000 9.828086e+019 
2.694000e+000 9.817376e+019 
2.694400e+000 9.806637e+019 
2.694800e+000 9.795869e+019 
2.695200e+000 9.785073e+019 
2.695600e+000 9.774248e+019 
2.696000e+000 9.763395e+019 
2.696400e+000 9.752513e+019 
2.696800e+000 9.741602e+019 
2.697200e+000 9.730663e+019 
2.697600e+000 9.719695e+019 
2.698000e+000 9.708698e+019 
2.698400e+000 9.697673e+019 
2.698800e+000 9.686619e+019 
2.699200e+000 9.675536e+019 
2.699600e+000 9.664424e+019 
2.700000e+000 9.653284e+019 
2.700400e+000 9.642115e+019 
2.700800e+000 9.630917e+019 
2.701200e+000 9.619690e+019 
2.701600e+000 9.608435e+019 
2.702000e+000 9.597151e+019 
2.702400e+000 9.585838e+019 
2.702800e+000 9.574496e+019 
2.703200e+000 9.563126e+019 
2.703600e+000 9.551727e+019 
2.704000e+000 9.540299e+019 
2.704400e+000 9.528842e+019 
2.704800e+000 9.517357e+019 
2.705200e+000 9.505843e+019 
2.705600e+000 9.494300e+019 
2.706000e+000 9.482728e+019 
2.706400e+000 9.471128e+019 
2.706800e+000 9.459498e+019 
2.707200e+000 9.447841e+019 
2.707600e+000 9.436154e+019 
2.708000e+000 9.424439e+019 
2.708400e+000 9.412695e+019 
2.708800e+000 9.400922e+019 
2.709200e+000 9.389121e+019 
2.709600e+000 9.377291e+019 
2.710000e+000 9.365432e+019 
2.710400e+000 9.353545e+019 
2.710800e+000 9.341629e+019 
2.711200e+000 9.329685e+019 
2.711600e+000 9.317712e+019 
2.712000e+000 9.305710e+019 
2.712400e+000 9.293680e+019 
2.712800e+000 9.281621e+019 
2.713200e+000 9.269534e+019 
2.713600e+000 9.257419e+019 
2.714000e+000 9.245275e+019 
2.714400e+000 9.233102e+019 
2.714800e+000 9.220901e+019 
2.715200e+000 9.208672e+019 
2.715600e+000 9.196414e+019 
2.716000e+000 9.184128e+019 
2.716400e+000 9.171814e+019 
2.716800e+000 9.159471e+019 
2.717200e+000 9.147100e+019 
2.717600e+000 9.134701e+019 
2.718000e+000 9.122274e+019 
2.718400e+000 9.109819e+019 
2.718800e+000 9.097335e+019 
2.719200e+000 9.084824e+019 
2.719600e+000 9.072284e+019 
2.720000e+000 9.059717e+019 
2.720400e+000 9.047121e+019 
2.720800e+000 9.034498e+019 
2.721200e+000 9.021847e+019 
2.721600e+000 9.009167e+019 
2.722000e+000 8.996460e+019 
2.722400e+000 8.983726e+019 
2.722800e+000 8.970963e+019 
2.723200e+000 8.958173e+019 
2.723600e+000 8.945355e+019 
2.724000e+000 8.932510e+019 
2.724400e+000 8.919637e+019 
2.724800e+000 8.906737e+019 
2.725200e+000 8.893809e+019 
2.725600e+000 8.880854e+019 
2.726000e+000 8.867872e+019 
2.726400e+000 8.854862e+019 
2.726800e+000 8.841825e+019 
2.727200e+000 8.828761e+019 
2.727600e+000 8.815670e+019 
2.728000e+000 8.802551e+019 
2.728400e+000 8.789406e+019 
2.728800e+000 8.776234e+019 
2.729200e+000 8.763035e+019 
2.729600e+000 8.749809e+019 
2.730000e+000 8.736557e+019 
2.730400e+000 8.723277e+019 
2.730800e+000 8.709971e+019 
2.731200e+000 8.696639e+019 
2.731600e+000 8.683280e+019 
2.732000e+000 8.669895e+019 
2.732400e+000 8.656483e+019 
2.732800e+000 8.643045e+019 
2.733200e+000 8.629581e+019 
2.733600e+000 8.616091e+019 
2.734000e+000 8.602575e+019 
2.734400e+000 8.589032e+019 
2.734800e+000 8.575464e+019 
2.735200e+000 8.561870e+019 
2.735600e+000 8.548250e+019 
2.736000e+000 8.534605e+019 
2.736400e+000 8.520934e+019 
2.736800e+000 8.507237e+019 
2.737200e+000 8.493515e+019 
2.737600e+000 8.479768e+019 
2.738000e+000 8.465995e+019 
2.738400e+000 8.452198e+019 
2.738800e+000 8.438375e+019 
2.739200e+000 8.424527e+019 
2.739600e+000 8.410654e+019 
2.740000e+000 8.396757e+019 
2.740400e+000 8.382834e+019 
2.740800e+000 8.368887e+019 
2.741200e+000 8.354916e+019 
2.741600e+000 8.340920e+019 
2.742000e+000 8.326900e+019 
2.742400e+000 8.312855e+019 
2.742800e+000 8.298787e+019 
2.743200e+000 8.284694e+019 
2.743600e+000 8.270577e+019 
2.744000e+000 8.256436e+019 
2.744400e+000 8.242272e+019 
2.744800e+000 8.228084e+019 
2.745200e+000 8.213873e+019 
2.745600e+000 8.199638e+019 
2.746000e+000 8.185379e+019 
2.746400e+000 8.171098e+019 
2.746800e+000 8.156793e+019 
2.747200e+000 8.142465e+019 
2.747600e+000 8.128115e+019 
2.748000e+000 8.113741e+019 
2.748400e+000 8.099345e+019 
2.748800e+000 8.084927e+019 
2.749200e+000 8.070486e+019 
2.749600e+000 8.056022e+019 
2.750000e+000 8.041537e+019 
2.750400e+000 8.027029e+019 
2.750800e+000 8.012499e+019 
2.751200e+000 7.997948e+019 
2.751600e+000 7.983374e+019 
2.752000e+000 7.968780e+019 
2.752400e+000 7.954163e+019 
2.752800e+000 7.939525e+019 
2.753200e+000 7.924867e+019 
2.753600e+000 7.910186e+019 
2.754000e+000 7.895485e+019 
2.754400e+000 7.880764e+019 
2.754800e+000 7.866021e+019 
2.755200e+000 7.851258e+019 
2.755600e+000 7.836474e+019 
2.756000e+000 7.821670e+019 
2.756400e+000 7.806846e+019 
2.756800e+000 7.792002e+019 
2.757200e+000 7.777138e+019 
2.757600e+000 7.762254e+019 
2.758000e+000 7.747350e+019 
2.758400e+000 7.732427e+019 
2.758800e+000 7.717485e+019 
2.759200e+000 7.702523e+019 
2.759600e+000 7.687542e+019 
2.760000e+000 7.672543e+019 
2.760400e+000 7.657524e+019 
2.760800e+000 7.642487e+019 
2.761200e+000 7.627432e+019 
2.761600e+000 7.612358e+019 
2.762000e+000 7.597266e+019 
2.762400e+000 7.582155e+019 
2.762800e+000 7.567027e+019 
2.763200e+000 7.551882e+019 
2.763600e+000 7.536718e+019 
2.764000e+000 7.521537e+019 
2.764400e+000 7.506339e+019 
2.764800e+000 7.491124e+019 
2.765200e+000 7.475892e+019 
2.765600e+000 7.460643e+019 
2.766000e+000 7.445377e+019 
2.766400e+000 7.430095e+019 
2.766800e+000 7.414796e+019 
2.767200e+000 7.399482e+019 
2.767600e+000 7.384151e+019 
2.768000e+000 7.368804e+019 
2.768400e+000 7.353442e+019 
2.768800e+000 7.338064e+019 
2.769200e+000 7.322671e+019 
2.769600e+000 7.307263e+019 
2.770000e+000 7.291840e+019 
2.770400e+000 7.276402e+019 
2.770800e+000 7.260949e+019 
2.771200e+000 7.245481e+019 
2.771600e+000 7.230000e+019 
2.772000e+000 7.214504e+019 
2.772400e+000 7.198994e+019 
2.772800e+000 7.183470e+019 
2.773200e+000 7.167933e+019 
2.773600e+000 7.152382e+019 
2.774000e+000 7.136818e+019 
2.774400e+000 7.121241e+019 
2.774800e+000 7.105650e+019 
2.775200e+000 7.090047e+019 
2.775600e+000 7.074432e+019 
2.776000e+000 7.058804e+019 
2.776400e+000 7.043164e+019 
2.776800e+000 7.027512e+019 
2.777200e+000 7.011847e+019 
2.777600e+000 6.996172e+019 
2.778000e+000 6.980484e+019 
2.778400e+000 6.964786e+019 
2.778800e+000 6.949076e+019 
2.779200e+000 6.933355e+019 
2.779600e+000 6.917624e+019 
2.780000e+000 6.901882e+019 
2.780400e+000 6.886130e+019 
2.780800e+000 6.870367e+019 
2.781200e+000 6.854595e+019 
2.781600e+000 6.838812e+019 
2.782000e+000 6.823020e+019 
2.782400e+000 6.807219e+019 
2.782800e+000 6.791408e+019 
2.783200e+000 6.775588e+019 
2.783600e+000 6.759760e+019 
2.784000e+000 6.743923e+019 
2.784400e+000 6.728077e+019 
2.784800e+000 6.712223e+019 
2.785200e+000 6.696361e+019 
2.785600e+000 6.680491e+019 
2.786000e+000 6.664613e+019 
2.786400e+000 6.648728e+019 
2.786800e+000 6.632836e+019 
2.787200e+000 6.616936e+019 
2.787600e+000 6.601030e+019 
2.788000e+000 6.585117e+019 
2.788400e+000 6.569197e+019 
2.788800e+000 6.553271e+019 
2.789200e+000 6.537339e+019 
2.789600e+000 6.521401e+019 
2.790000e+000 6.505458e+019 
2.790400e+000 6.489509e+019 
2.790800e+000 6.473554e+019 
2.791200e+000 6.457595e+019 
2.791600e+000 6.441631e+019 
2.792000e+000 6.425662e+019 
2.792400e+000 6.409688e+019 
2.792800e+000 6.393710e+019 
2.793200e+000 6.377729e+019 
2.793600e+000 6.361743e+019 
2.794000e+000 6.345754e+019 
2.794400e+000 6.329761e+019 
2.794800e+000 6.313765e+019 
2.795200e+000 6.297766e+019 
2.795600e+000 6.281764e+019 
2.796000e+000 6.265759e+019 
2.796400e+000 6.249752e+019 
2.796800e+000 6.233743e+019 
2.797200e+000 6.217732e+019 
2.797600e+000 6.201719e+019 
2.798000e+000 6.185704e+019 
2.798400e+000 6.169688e+019 
2.798800e+000 6.153671e+019 
2.799200e+000 6.137653e+019 
2.799600e+000 6.121634e+019 
2.800000e+000 6.105614e+019 
2.800400e+000 6.089595e+019 
2.800800e+000 6.073575e+019 
2.801200e+000 6.057555e+019 
2.801600e+000 6.041535e+019 
2.802000e+000 6.025516e+019 
2.802400e+000 6.009498e+019 
2.802800e+000 5.993481e+019 
2.803200e+000 5.977464e+019 
2.803600e+000 5.961449e+019 
2.804000e+000 5.945436e+019 
2.804400e+000 5.929424e+019 
2.804800e+000 5.913415e+019 
2.805200e+000 5.897407e+019 
2.805600e+000 5.881402e+019 
2.806000e+000 5.865399e+019 
2.806400e+000 5.849400e+019 
2.806800e+000 5.833403e+019 
2.807200e+000 5.817410e+019 
2.807600e+000 5.801419e+019 
2.808000e+000 5.785433e+019 
2.808400e+000 5.769451e+019 
2.808800e+000 5.753472e+019 
2.809200e+000 5.737498e+019 
2.809600e+000 5.721528e+019 
2.810000e+000 5.705563e+019 
2.810400e+000 5.689603e+019 
2.810800e+000 5.673648e+019 
2.811200e+000 5.657698e+019 
2.811600e+000 5.641754e+019 
2.812000e+000 5.625816e+019 
2.812400e+000 5.609883e+019 
2.812800e+000 5.593957e+019 
2.813200e+000 5.578037e+019 
2.813600e+000 5.562124e+019 
2.814000e+000 5.546217e+019 
2.814400e+000 5.530318e+019 
2.814800e+000 5.514425e+019 
2.815200e+000 5.498540e+019 
2.815600e+000 5.482663e+019 
2.816000e+000 5.466793e+019 
2.816400e+000 5.450932e+019 
2.816800e+000 5.435078e+019 
2.817200e+000 5.419234e+019 
2.817600e+000 5.403397e+019 
2.818000e+000 5.387570e+019 
2.818400e+000 5.371751e+019 
2.818800e+000 5.355942e+019 
2.819200e+000 5.340143e+019 
2.819600e+000 5.324353e+019 
2.820000e+000 5.308573e+019 
2.820400e+000 5.292802e+019 
2.820800e+000 5.277043e+019 
2.821200e+000 5.261293e+019 
2.821600e+000 5.245555e+019 
2.822000e+000 5.229827e+019 
2.822400e+000 5.214110e+019 
2.822800e+000 5.198404e+019 
2.823200e+000 5.182710e+019 
2.823600e+000 5.167028e+019 
2.824000e+000 5.151357e+019 
2.824400e+000 5.135699e+019 
2.824800e+000 5.120053e+019 
2.825200e+000 5.104419e+019 
2.825600e+000 5.088798e+019 
2.826000e+000 5.073190e+019 
2.826400e+000 5.057594e+019 
2.826800e+000 5.042013e+019 
2.827200e+000 5.026444e+019 
2.827600e+000 5.010889e+019 
2.828000e+000 4.995348e+019 
2.828400e+000 4.979821e+019 
2.828800e+000 4.964308e+019 
2.829200e+000 4.948809e+019 
2.829600e+000 4.933325e+019 
2.830000e+000 4.917856e+019 
2.830400e+000 4.902402e+019 
2.830800e+000 4.886963e+019 
2.831200e+000 4.871539e+019 
2.831600e+000 4.856131e+019 
2.832000e+000 4.840738e+019 
2.832400e+000 4.825361e+019 
2.832800e+000 4.810001e+019 
2.833200e+000 4.794656e+019 
2.833600e+000 4.779329e+019 
2.834000e+000 4.764017e+019 
2.834400e+000 4.748723e+019 
2.834800e+000 4.733445e+019 
2.835200e+000 4.718185e+019 
2.835600e+000 4.702942e+019 
2.836000e+000 4.687716e+019 
2.836400e+000 4.672509e+019 
2.836800e+000 4.657319e+019 
2.837200e+000 4.642147e+019 
2.837600e+000 4.626993e+019 
2.838000e+000 4.611858e+019 
2.838400e+000 4.596741e+019 
2.838800e+000 4.581643e+019 
2.839200e+000 4.566564e+019 
2.839600e+000 4.551504e+019 
2.840000e+000 4.536463e+019 
2.840400e+000 4.521442e+019 
2.840800e+000 4.506440e+019 
2.841200e+000 4.491458e+019 
2.841600e+000 4.476496e+019 
2.842000e+000 4.461554e+019 
2.842400e+000 4.446633e+019 
2.842800e+000 4.431731e+019 
2.843200e+000 4.416851e+019 
2.843600e+000 4.401991e+019 
2.844000e+000 4.387152e+019 
2.844400e+000 4.372334e+019 
2.844800e+000 4.357537e+019 
2.845200e+000 4.342762e+019 
2.845600e+000 4.328008e+019 
2.846000e+000 4.313276e+019 
2.846400e+000 4.298565e+019 
2.846800e+000 4.283877e+019 
2.847200e+000 4.269211e+019 
2.847600e+000 4.254567e+019 
2.848000e+000 4.239946e+019 
2.848400e+000 4.225347e+019 
2.848800e+000 4.210771e+019 
2.849200e+000 4.196218e+019 
2.849600e+000 4.181687e+019 
2.850000e+000 4.167181e+019 
2.850400e+000 4.152697e+019 
2.850800e+000 4.138237e+019 
2.851200e+000 4.123800e+019 
2.851600e+000 4.109388e+019 
2.852000e+000 4.094999e+019 
2.852400e+000 4.080634e+019 
2.852800e+000 4.066294e+019 
2.853200e+000 4.051977e+019 
2.853600e+000 4.037686e+019 
2.854000e+000 4.023418e+019 
2.854400e+000 4.009176e+019 
2.854800e+000 3.994958e+019 
2.855200e+000 3.980766e+019 
2.855600e+000 3.966598e+019 
2.856000e+000 3.952456e+019 
2.856400e+000 3.938339e+019 
2.856800e+000 3.924248e+019 
2.857200e+000 3.910182e+019 
2.857600e+000 3.896142e+019 
2.858000e+000 3.882128e+019 
2.858400e+000 3.868140e+019 
2.858800e+000 3.854178e+019 
2.859200e+000 3.840242e+019 
2.859600e+000 3.826333e+019 
2.860000e+000 3.812450e+019 
2.860400e+000 3.798594e+019 
2.860800e+000 3.784765e+019 
2.861200e+000 3.770962e+019 
2.861600e+000 3.757186e+019 
2.862000e+000 3.743438e+019 
2.862400e+000 3.729716e+019 
2.862800e+000 3.716022e+019 
2.863200e+000 3.702355e+019 
2.863600e+000 3.688716e+019 
2.864000e+000 3.675104e+019 
2.864400e+000 3.661520e+019 
2.864800e+000 3.647964e+019 
2.865200e+000 3.634436e+019 
2.865600e+000 3.620936e+019 
2.866000e+000 3.607464e+019 
2.866400e+000 3.594020e+019 
2.866800e+000 3.580604e+019 
2.867200e+000 3.567217e+019 
2.867600e+000 3.553859e+019 
2.868000e+000 3.540529e+019 
2.868400e+000 3.527227e+019 
2.868800e+000 3.513955e+019 
2.869200e+000 3.500711e+019 
2.869600e+000 3.487497e+019 
2.870000e+000 3.474312e+019 
2.870400e+000 3.461155e+019 
2.870800e+000 3.448028e+019 
2.871200e+000 3.434931e+019 
2.871600e+000 3.421862e+019 
2.872000e+000 3.408824e+019 
2.872400e+000 3.395814e+019 
2.872800e+000 3.382835e+019 
2.873200e+000 3.369885e+019 
2.873600e+000 3.356965e+019 
2.874000e+000 3.344075e+019 
2.874400e+000 3.331215e+019 
2.874800e+000 3.318385e+019 
2.875200e+000 3.305586e+019 
2.875600e+000 3.292816e+019 
2.876000e+000 3.280077e+019 
2.876400e+000 3.267368e+019 
2.876800e+000 3.254689e+019 
2.877200e+000 3.242041e+019 
2.877600e+000 3.229424e+019 
2.878000e+000 3.216837e+019 
2.878400e+000 3.204281e+019 
2.878800e+000 3.191756e+019 
2.879200e+000 3.179261e+019 
2.879600e+000 3.166797e+019 
2.880000e+000 3.154365e+019 
2.880400e+000 3.141963e+019 
2.880800e+000 3.129592e+019 
2.881200e+000 3.117253e+019 
2.881600e+000 3.104944e+019 
2.882000e+000 3.092667e+019 
2.882400e+000 3.080422e+019 
2.882800e+000 3.068207e+019 
2.883200e+000 3.056024e+019 
2.883600e+000 3.043872e+019 
2.884000e+000 3.031752e+019 
2.884400e+000 3.019664e+019 
2.884800e+000 3.007607e+019 
2.885200e+000 2.995581e+019 
2.885600e+000 2.983588e+019 
2.886000e+000 2.971626e+019 
2.886400e+000 2.959696e+019 
2.886800e+000 2.947797e+019 
2.887200e+000 2.935931e+019 
2.887600e+000 2.924096e+019 
2.888000e+000 2.912293e+019 
2.888400e+000 2.900523e+019 
2.888800e+000 2.888784e+019 
2.889200e+000 2.877077e+019 
2.889600e+000 2.865403e+019 
2.890000e+000 2.853760e+019 
2.890400e+000 2.842150e+019 
2.890800e+000 2.830572e+019 
2.891200e+000 2.819026e+019 
2.891600e+000 2.807512e+019 
2.892000e+000 2.796030e+019 
2.892400e+000 2.784581e+019 
2.892800e+000 2.773164e+019 
2.893200e+000 2.761780e+019 
2.893600e+000 2.750428e+019 
2.894000e+000 2.739108e+019 
2.894400e+000 2.727820e+019 
2.894800e+000 2.716565e+019 
2.895200e+000 2.705343e+019 
2.895600e+000 2.694153e+019 
2.896000e+000 2.682995e+019 
2.896400e+000 2.671870e+019 
2.896800e+000 2.660778e+019 
2.897200e+000 2.649718e+019 
2.897600e+000 2.638690e+019 
2.898000e+000 2.627695e+019 
2.898400e+000 2.616733e+019 
2.898800e+000 2.605803e+019 
2.899200e+000 2.594906e+019 
2.899600e+000 2.584042e+019 
2.900000e+000 2.573210e+019 
2.900400e+000 2.562410e+019 
2.900800e+000 2.551644e+019 
2.901200e+000 2.540910e+019 
2.901600e+000 2.530208e+019 
2.902000e+000 2.519539e+019 
2.902400e+000 2.508903e+019 
2.902800e+000 2.498300e+019 
2.903200e+000 2.487729e+019 
2.903600e+000 2.477191e+019 
2.904000e+000 2.466685e+019 
2.904400e+000 2.456212e+019 
2.904800e+000 2.445772e+019 
2.905200e+000 2.435364e+019 
2.905600e+000 2.424989e+019 
2.906000e+000 2.414647e+019 
2.906400e+000 2.404337e+019 
2.906800e+000 2.394060e+019 
2.907200e+000 2.383815e+019 
2.907600e+000 2.373603e+019 
2.908000e+000 2.363424e+019 
2.908400e+000 2.353277e+019 
2.908800e+000 2.343162e+019 
2.909200e+000 2.333081e+019 
2.909600e+000 2.323031e+019 
2.910000e+000 2.313015e+019 
2.910400e+000 2.303031e+019 
2.910800e+000 2.293079e+019 
2.911200e+000 2.283160e+019 
2.911600e+000 2.273273e+019 
2.912000e+000 2.263419e+019 
2.912400e+000 2.253597e+019 
2.912800e+000 2.243807e+019 
2.913200e+000 2.234050e+019 
2.913600e+000 2.224325e+019 
2.914000e+000 2.214633e+019 
2.914400e+000 2.204973e+019 
2.914800e+000 2.195345e+019 
2.915200e+000 2.185749e+019 
2.915600e+000 2.176186e+019 
2.916000e+000 2.166655e+019 
2.916400e+000 2.157156e+019 
2.916800e+000 2.147689e+019 
2.917200e+000 2.138255e+019 
2.917600e+000 2.128852e+019 
2.918000e+000 2.119482e+019 
2.918400e+000 2.110143e+019 
2.918800e+000 2.100837e+019 
2.919200e+000 2.091562e+019 
2.919600e+000 2.082320e+019 
2.920000e+000 2.073110e+019 
2.920400e+000 2.063931e+019 
2.920800e+000 2.054784e+019 
2.921200e+000 2.045669e+019 
2.921600e+000 2.036586e+019 
2.922000e+000 2.027535e+019 
2.922400e+000 2.018515e+019 
2.922800e+000 2.009527e+019 
2.923200e+000 2.000571e+019 
2.923600e+000 1.991646e+019 
2.924000e+000 1.982753e+019 
2.924400e+000 1.973891e+019 
2.924800e+000 1.965061e+019 
2.925200e+000 1.956262e+019 
2.925600e+000 1.947494e+019 
2.926000e+000 1.938758e+019 
2.926400e+000 1.930054e+019 
2.926800e+000 1.921380e+019 
2.927200e+000 1.912738e+019 
2.927600e+000 1.904127e+019 
2.928000e+000 1.895547e+019 
2.928400e+000 1.886998e+019 
2.928800e+000 1.878480e+019 
2.929200e+000 1.869994e+019 
2.929600e+000 1.861538e+019 
2.930000e+000 1.853113e+019 
2.930400e+000 1.844719e+019 
2.930800e+000 1.836355e+019 
2.931200e+000 1.828023e+019 
2.931600e+000 1.819721e+019 
2.932000e+000 1.811450e+019 
2.932400e+000 1.803209e+019 
2.932800e+000 1.794999e+019 
2.933200e+000 1.786820e+019 
2.933600e+000 1.778671e+019 
2.934000e+000 1.770552e+019 
2.934400e+000 1.762464e+019 
2.934800e+000 1.754406e+019 
2.935200e+000 1.746378e+019 
2.935600e+000 1.738380e+019 
2.936000e+000 1.730413e+019 
2.936400e+000 1.722476e+019 
2.936800e+000 1.714568e+019 
2.937200e+000 1.706691e+019 
2.937600e+000 1.698843e+019 
2.938000e+000 1.691026e+019 
2.938400e+000 1.683238e+019 
2.938800e+000 1.675480e+019 
2.939200e+000 1.667751e+019 
2.939600e+000 1.660052e+019 
2.940000e+000 1.652383e+019 
2.940400e+000 1.644743e+019 
2.940800e+000 1.637133e+019 
2.941200e+000 1.629552e+019 
2.941600e+000 1.622000e+019 
2.942000e+000 1.614478e+019 
2.942400e+000 1.606984e+019 
2.942800e+000 1.599520e+019 
2.943200e+000 1.592085e+019 
2.943600e+000 1.584679e+019 
2.944000e+000 1.577302e+019 
2.944400e+000 1.569954e+019 
2.944800e+000 1.562634e+019 
2.945200e+000 1.555344e+019 
2.945600e+000 1.548082e+019 
2.946000e+000 1.540849e+019 
2.946400e+000 1.533644e+019 
2.946800e+000 1.526468e+019 
2.947200e+000 1.519320e+019 
2.947600e+000 1.512200e+019 
2.948000e+000 1.505109e+019 
2.948400e+000 1.498046e+019 
2.948800e+000 1.491011e+019 
2.949200e+000 1.484005e+019 
2.949600e+000 1.477026e+019 
2.950000e+000 1.470075e+019 
2.950400e+000 1.463152e+019 
2.950800e+000 1.456258e+019 
2.951200e+000 1.449390e+019 
2.951600e+000 1.442551e+019 
2.952000e+000 1.435739e+019 
2.952400e+000 1.428955e+019 
2.952800e+000 1.422198e+019 
2.953200e+000 1.415468e+019 
2.953600e+000 1.408766e+019 
2.954000e+000 1.402091e+019 
2.954400e+000 1.395444e+019 
2.954800e+000 1.388823e+019 
2.955200e+000 1.382230e+019 
2.955600e+000 1.375664e+019 
2.956000e+000 1.369124e+019 
2.956400e+000 1.362612e+019 
2.956800e+000 1.356126e+019 
2.957200e+000 1.349667e+019 
2.957600e+000 1.343234e+019 
2.958000e+000 1.336828e+019 
2.958400e+000 1.330449e+019 
2.958800e+000 1.324096e+019 
2.959200e+000 1.317769e+019 
2.959600e+000 1.311469e+019 
2.960000e+000 1.305195e+019 
2.960400e+000 1.298947e+019 
2.960800e+000 1.292725e+019 
2.961200e+000 1.286529e+019 
2.961600e+000 1.280359e+019 
2.962000e+000 1.274215e+019 
2.962400e+000 1.268097e+019 
2.962800e+000 1.262004e+019 
2.963200e+000 1.255937e+019 
2.963600e+000 1.249896e+019 
2.964000e+000 1.243880e+019 
2.964400e+000 1.237889e+019 
2.964800e+000 1.231924e+019 
2.965200e+000 1.225984e+019 
2.965600e+000 1.220069e+019 
2.966000e+000 1.214179e+019 
2.966400e+000 1.208315e+019 
2.966800e+000 1.202475e+019 
2.967200e+000 1.196660e+019 
2.967600e+000 1.190870e+019 
2.968000e+000 1.185105e+019 
2.968400e+000 1.179364e+019 
2.968800e+000 1.173648e+019 
2.969200e+000 1.167957e+019 
2.969600e+000 1.162290e+019 
2.970000e+000 1.156647e+019 
2.970400e+000 1.151028e+019 
2.970800e+000 1.145434e+019 
2.971200e+000 1.139864e+019 
2.971600e+000 1.134318e+019 
2.972000e+000 1.128796e+019 
2.972400e+000 1.123298e+019 
2.972800e+000 1.117824e+019 
2.973200e+000 1.112373e+019 
2.973600e+000 1.106946e+019 
2.974000e+000 1.101543e+019 
2.974400e+000 1.096163e+019 
2.974800e+000 1.090807e+019 
2.975200e+000 1.085474e+019 
2.975600e+000 1.080165e+019 
2.976000e+000 1.074878e+019 
2.976400e+000 1.069615e+019 
2.976800e+000 1.064375e+019 
2.977200e+000 1.059158e+019 
2.977600e+000 1.053964e+019 
2.978000e+000 1.048793e+019 
2.978400e+000 1.043644e+019 
2.978800e+000 1.038518e+019 
2.979200e+000 1.033415e+019 
2.979600e+000 1.028335e+019 
2.980000e+000 1.023277e+019 
2.980400e+000 1.018241e+019 
2.980800e+000 1.013227e+019 
2.981200e+000 1.008236e+019 
2.981600e+000 1.003267e+019 
2.982000e+000 9.983204e+018 
2.982400e+000 9.933956e+018 
2.982800e+000 9.884927e+018 
2.983200e+000 9.836117e+018 
2.983600e+000 9.787524e+018 
2.984000e+000 9.739149e+018 
2.984400e+000 9.690991e+018 
2.984800e+000 9.643048e+018 
2.985200e+000 9.595320e+018 
2.985600e+000 9.547807e+018 
2.986000e+000 9.500507e+018 
2.986400e+000 9.453419e+018 
2.986800e+000 9.406544e+018 
2.987200e+000 9.359880e+018 
2.987600e+000 9.313426e+018 
2.988000e+000 9.267183e+018 
2.988400e+000 9.221148e+018 
2.988800e+000 9.175321e+018 
2.989200e+000 9.129702e+018 
2.989600e+000 9.084290e+018 
2.990000e+000 9.039084e+018 
2.990400e+000 8.994083e+018 
2.990800e+000 8.949286e+018 
2.991200e+000 8.904694e+018 
2.991600e+000 8.860304e+018 
2.992000e+000 8.816117e+018 
2.992400e+000 8.772131e+018 
2.992800e+000 8.728347e+018 
2.993200e+000 8.684762e+018 
2.993600e+000 8.641377e+018 
2.994000e+000 8.598190e+018 
2.994400e+000 8.555201e+018 
2.994800e+000 8.512410e+018 
2.995200e+000 8.469815e+018 
2.995600e+000 8.427416e+018 
2.996000e+000 8.385211e+018 
2.996400e+000 8.343201e+018 
2.996800e+000 8.301385e+018 
2.997200e+000 8.259761e+018 
2.997600e+000 8.218329e+018 
2.998000e+000 8.177089e+018 
2.998400e+000 8.136039e+018 
2.998800e+000 8.095179e+018 
2.999200e+000 8.054509e+018 
2.999600e+000 8.014027e+018 
3.000000e+000 7.973732e+018 
3.000400e+000 7.933625e+018 
3.000800e+000 7.893704e+018 
3.001200e+000 7.853969e+018 
3.001600e+000 7.814418e+018 
3.002000e+000 7.775052e+018 
3.002400e+000 7.735869e+018 
3.002800e+000 7.696869e+018 
3.003200e+000 7.658051e+018 
3.003600e+000 7.619414e+018 
3.004000e+000 7.580958e+018 
3.004400e+000 7.542682e+018 
3.004800e+000 7.504586e+018 
3.005200e+000 7.466667e+018 
3.005600e+000 7.428927e+018 
3.006000e+000 7.391363e+018 
3.006400e+000 7.353977e+018 
3.006800e+000 7.316765e+018 
3.007200e+000 7.279729e+018 
3.007600e+000 7.242868e+018 
3.008000e+000 7.206180e+018 
3.008400e+000 7.169664e+018 
3.008800e+000 7.133322e+018 
3.009200e+000 7.097150e+018 
3.009600e+000 7.061150e+018 
3.010000e+000 7.025320e+018 
3.010400e+000 6.989660e+018 
3.010800e+000 6.954168e+018 
3.011200e+000 6.918844e+018 
3.011600e+000 6.883688e+018 
3.012000e+000 6.848699e+018 
3.012400e+000 6.813876e+018 
3.012800e+000 6.779219e+018 
3.013200e+000 6.744726e+018 
3.013600e+000 6.710398e+018 
3.014000e+000 6.676232e+018 
3.014400e+000 6.642230e+018 
3.014800e+000 6.608390e+018 
3.015200e+000 6.574711e+018 
3.015600e+000 6.541193e+018 
3.016000e+000 6.507836e+018 
3.016400e+000 6.474638e+018 
3.016800e+000 6.441598e+018 
3.017200e+000 6.408717e+018 
3.017600e+000 6.375993e+018 
3.018000e+000 6.343427e+018 
3.018400e+000 6.311016e+018 
3.018800e+000 6.278761e+018 
3.019200e+000 6.246661e+018 
3.019600e+000 6.214715e+018 
3.020000e+000 6.182923e+018 
3.020400e+000 6.151284e+018 
3.020800e+000 6.119797e+018 
3.021200e+000 6.088462e+018 
3.021600e+000 6.057278e+018 
3.022000e+000 6.026245e+018 
3.022400e+000 5.995361e+018 
3.022800e+000 5.964626e+018 
3.023200e+000 5.934040e+018 
3.023600e+000 5.903602e+018 
3.024000e+000 5.873311e+018 
3.024400e+000 5.843167e+018 
3.024800e+000 5.813169e+018 
3.025200e+000 5.783317e+018 
3.025600e+000 5.753609e+018 
3.026000e+000 5.724045e+018 
3.026400e+000 5.694625e+018 
3.026800e+000 5.665348e+018 
3.027200e+000 5.636213e+018 
3.027600e+000 5.607220e+018 
3.028000e+000 5.578368e+018 
3.028400e+000 5.549657e+018 
3.028800e+000 5.521085e+018 
3.029200e+000 5.492653e+018 
3.029600e+000 5.464360e+018 
3.030000e+000 5.436205e+018 
3.030400e+000 5.408187e+018 
3.030800e+000 5.380306e+018 
3.031200e+000 5.352561e+018 
3.031600e+000 5.324953e+018 
3.032000e+000 5.297479e+018 
3.032400e+000 5.270140e+018 
3.032800e+000 5.242935e+018 
3.033200e+000 5.215863e+018 
3.033600e+000 5.188924e+018 
3.034000e+000 5.162117e+018 
3.034400e+000 5.135442e+018 
3.034800e+000 5.108898e+018 
3.035200e+000 5.082484e+018 
3.035600e+000 5.056201e+018 
3.036000e+000 5.030046e+018 
3.036400e+000 5.004021e+018 
3.036800e+000 4.978123e+018 
3.037200e+000 4.952354e+018 
3.037600e+000 4.926711e+018 
3.038000e+000 4.901195e+018 
3.038400e+000 4.875804e+018 
3.038800e+000 4.850540e+018 
3.039200e+000 4.825400e+018 
3.039600e+000 4.800384e+018 
3.040000e+000 4.775492e+018 
3.040400e+000 4.750723e+018 
3.040800e+000 4.726077e+018 
3.041200e+000 4.701552e+018 
3.041600e+000 4.677150e+018 
3.042000e+000 4.652868e+018 
3.042400e+000 4.628707e+018 
3.042800e+000 4.604665e+018 
3.043200e+000 4.580743e+018 
3.043600e+000 4.556940e+018 
3.044000e+000 4.533255e+018 
3.044400e+000 4.509688e+018 
3.044800e+000 4.486238e+018 
3.045200e+000 4.462905e+018 
3.045600e+000 4.439688e+018 
3.046000e+000 4.416586e+018 
3.046400e+000 4.393600e+018 
3.046800e+000 4.370728e+018 
3.047200e+000 4.347971e+018 
3.047600e+000 4.325326e+018 
3.048000e+000 4.302795e+018 
3.048400e+000 4.280377e+018 
3.048800e+000 4.258070e+018 
3.049200e+000 4.235875e+018 
3.049600e+000 4.213791e+018 
3.050000e+000 4.191817e+018 
3.050400e+000 4.169954e+018 
3.050800e+000 4.148199e+018 
3.051200e+000 4.126554e+018 
3.051600e+000 4.105017e+018 
3.052000e+000 4.083589e+018 
3.052400e+000 4.062267e+018 
3.052800e+000 4.041053e+018 
3.053200e+000 4.019945e+018 
3.053600e+000 3.998943e+018 
3.054000e+000 3.978047e+018 
3.054400e+000 3.957255e+018 
3.054800e+000 3.936569e+018 
3.055200e+000 3.915986e+018 
3.055600e+000 3.895507e+018 
3.056000e+000 3.875130e+018 
3.056400e+000 3.854857e+018 
3.056800e+000 3.834686e+018 
3.057200e+000 3.814616e+018 
3.057600e+000 3.794647e+018 
3.058000e+000 3.774779e+018 
3.058400e+000 3.755012e+018 
3.058800e+000 3.735344e+018 
3.059200e+000 3.715775e+018 
3.059600e+000 3.696306e+018 
3.060000e+000 3.676935e+018 
3.060400e+000 3.657661e+018 
3.060800e+000 3.638485e+018 
3.061200e+000 3.619406e+018 
3.061600e+000 3.600424e+018 
3.062000e+000 3.581538e+018 
3.062400e+000 3.562747e+018 
3.062800e+000 3.544052e+018 
3.063200e+000 3.525451e+018 
3.063600e+000 3.506945e+018 
3.064000e+000 3.488532e+018 
3.064400e+000 3.470213e+018 
3.064800e+000 3.451987e+018 
3.065200e+000 3.433854e+018 
3.065600e+000 3.415812e+018 
3.066000e+000 3.397862e+018 
3.066400e+000 3.380004e+018 
3.066800e+000 3.362236e+018 
3.067200e+000 3.344558e+018 
3.067600e+000 3.326971e+018 
3.068000e+000 3.309473e+018 
3.068400e+000 3.292064e+018 
3.068800e+000 3.274744e+018 
3.069200e+000 3.257512e+018 
3.069600e+000 3.240368e+018 
3.070000e+000 3.223311e+018 
3.070400e+000 3.206341e+018 
3.070800e+000 3.189458e+018 
3.071200e+000 3.172661e+018 
3.071600e+000 3.155950e+018 
3.072000e+000 3.139324e+018 
3.072400e+000 3.122783e+018 
3.072800e+000 3.106326e+018 
3.073200e+000 3.089954e+018 
3.073600e+000 3.073665e+018 
3.074000e+000 3.057460e+018 
3.074400e+000 3.041337e+018 
3.074800e+000 3.025297e+018 
3.075200e+000 3.009339e+018 
3.075600e+000 2.993463e+018 
3.076000e+000 2.977668e+018 
3.076400e+000 2.961954e+018 
3.076800e+000 2.946321e+018 
3.077200e+000 2.930768e+018 
3.077600e+000 2.915295e+018 
3.078000e+000 2.899900e+018 
3.078400e+000 2.884585e+018 
3.078800e+000 2.869349e+018 
3.079200e+000 2.854191e+018 
3.079600e+000 2.839110e+018 
3.080000e+000 2.824108e+018 
3.080400e+000 2.809182e+018 
3.080800e+000 2.794333e+018 
3.081200e+000 2.779560e+018 
3.081600e+000 2.764863e+018 
3.082000e+000 2.750242e+018 
3.082400e+000 2.735696e+018 
3.082800e+000 2.721225e+018 
3.083200e+000 2.706829e+018 
3.083600e+000 2.692507e+018 
3.084000e+000 2.678258e+018 
3.084400e+000 2.664083e+018 
3.084800e+000 2.649981e+018 
3.085200e+000 2.635952e+018 
3.085600e+000 2.621995e+018 
3.086000e+000 2.608110e+018 
3.086400e+000 2.594297e+018 
3.086800e+000 2.580555e+018 
3.087200e+000 2.566884e+018 
3.087600e+000 2.553284e+018 
3.088000e+000 2.539754e+018 
3.088400e+000 2.526293e+018 
3.088800e+000 2.512903e+018 
3.089200e+000 2.499581e+018 
3.089600e+000 2.486329e+018 
3.090000e+000 2.473145e+018 
