R[m] ne[m]
2.530000e+000 1.062149e+020 
2.530400e+000 1.061913e+020 
2.530800e+000 1.061677e+020 
2.531200e+000 1.061441e+020 
2.531600e+000 1.061204e+020 
2.532000e+000 1.060968e+020 
2.532400e+000 1.060732e+020 
2.532800e+000 1.060496e+020 
2.533200e+000 1.060259e+020 
2.533600e+000 1.060023e+020 
2.534000e+000 1.059787e+020 
2.534400e+000 1.059550e+020 
2.534800e+000 1.059314e+020 
2.535200e+000 1.059078e+020 
2.535600e+000 1.058842e+020 
2.536000e+000 1.058605e+020 
2.536400e+000 1.058369e+020 
2.536800e+000 1.058133e+020 
2.537200e+000 1.057897e+020 
2.537600e+000 1.057660e+020 
2.538000e+000 1.057424e+020 
2.538400e+000 1.057188e+020 
2.538800e+000 1.056951e+020 
2.539200e+000 1.056715e+020 
2.539600e+000 1.056479e+020 
2.540000e+000 1.056243e+020 
2.540400e+000 1.056006e+020 
2.540800e+000 1.055770e+020 
2.541200e+000 1.055534e+020 
2.541600e+000 1.055298e+020 
2.542000e+000 1.055061e+020 
2.542400e+000 1.054825e+020 
2.542800e+000 1.054589e+020 
2.543200e+000 1.054352e+020 
2.543600e+000 1.054116e+020 
2.544000e+000 1.053880e+020 
2.544400e+000 1.053644e+020 
2.544800e+000 1.053407e+020 
2.545200e+000 1.053171e+020 
2.545600e+000 1.052935e+020 
2.546000e+000 1.052699e+020 
2.546400e+000 1.052462e+020 
2.546800e+000 1.052226e+020 
2.547200e+000 1.051990e+020 
2.547600e+000 1.051753e+020 
2.548000e+000 1.051517e+020 
2.548400e+000 1.051281e+020 
2.548800e+000 1.051045e+020 
2.549200e+000 1.050808e+020 
2.549600e+000 1.050572e+020 
2.550000e+000 1.050336e+020 
2.550400e+000 1.050100e+020 
2.550800e+000 1.049863e+020 
2.551200e+000 1.049627e+020 
2.551600e+000 1.049391e+020 
2.552000e+000 1.049154e+020 
2.552400e+000 1.048918e+020 
2.552800e+000 1.048682e+020 
2.553200e+000 1.048446e+020 
2.553600e+000 1.048209e+020 
2.554000e+000 1.047973e+020 
2.554400e+000 1.047737e+020 
2.554800e+000 1.047501e+020 
2.555200e+000 1.047264e+020 
2.555600e+000 1.047028e+020 
2.556000e+000 1.046792e+020 
2.556400e+000 1.046556e+020 
2.556800e+000 1.046319e+020 
2.557200e+000 1.046083e+020 
2.557600e+000 1.045847e+020 
2.558000e+000 1.045610e+020 
2.558400e+000 1.045374e+020 
2.558800e+000 1.045138e+020 
2.559200e+000 1.044902e+020 
2.559600e+000 1.044665e+020 
2.560000e+000 1.044429e+020 
2.560400e+000 1.044193e+020 
2.560800e+000 1.043957e+020 
2.561200e+000 1.043720e+020 
2.561600e+000 1.043484e+020 
2.562000e+000 1.043248e+020 
2.562400e+000 1.043011e+020 
2.562800e+000 1.042775e+020 
2.563200e+000 1.042539e+020 
2.563600e+000 1.042303e+020 
2.564000e+000 1.042066e+020 
2.564400e+000 1.041830e+020 
2.564800e+000 1.041594e+020 
2.565200e+000 1.041358e+020 
2.565600e+000 1.041121e+020 
2.566000e+000 1.040885e+020 
2.566400e+000 1.040649e+020 
2.566800e+000 1.040412e+020 
2.567200e+000 1.040176e+020 
2.567600e+000 1.039940e+020 
2.568000e+000 1.039704e+020 
2.568400e+000 1.039467e+020 
2.568800e+000 1.039231e+020 
2.569200e+000 1.038995e+020 
2.569600e+000 1.038759e+020 
2.570000e+000 1.038522e+020 
2.570400e+000 1.038286e+020 
2.570800e+000 1.038050e+020 
2.571200e+000 1.037813e+020 
2.571600e+000 1.037577e+020 
2.572000e+000 1.037341e+020 
2.572400e+000 1.037105e+020 
2.572800e+000 1.036868e+020 
2.573200e+000 1.036632e+020 
2.573600e+000 1.036396e+020 
2.574000e+000 1.036160e+020 
2.574400e+000 1.035923e+020 
2.574800e+000 1.035687e+020 
2.575200e+000 1.035451e+020 
2.575600e+000 1.035214e+020 
2.576000e+000 1.034978e+020 
2.576400e+000 1.034742e+020 
2.576800e+000 1.034506e+020 
2.577200e+000 1.034269e+020 
2.577600e+000 1.034033e+020 
2.578000e+000 1.033797e+020 
2.578400e+000 1.033561e+020 
2.578800e+000 1.033324e+020 
2.579200e+000 1.033088e+020 
2.579600e+000 1.032852e+020 
2.580000e+000 1.032615e+020 
2.580400e+000 1.032379e+020 
2.580800e+000 1.032143e+020 
2.581200e+000 1.031907e+020 
2.581600e+000 1.031670e+020 
2.582000e+000 1.031434e+020 
2.582400e+000 1.031198e+020 
2.582800e+000 1.030962e+020 
2.583200e+000 1.030725e+020 
2.583600e+000 1.030489e+020 
2.584000e+000 1.030253e+020 
2.584400e+000 1.030016e+020 
2.584800e+000 1.029780e+020 
2.585200e+000 1.029544e+020 
2.585600e+000 1.029308e+020 
2.586000e+000 1.029071e+020 
2.586400e+000 1.028835e+020 
2.586800e+000 1.028599e+020 
2.587200e+000 1.028363e+020 
2.587600e+000 1.028126e+020 
2.588000e+000 1.027890e+020 
2.588400e+000 1.027654e+020 
2.588800e+000 1.027417e+020 
2.589200e+000 1.027181e+020 
2.589600e+000 1.026945e+020 
2.590000e+000 1.026709e+020 
2.590400e+000 1.026472e+020 
2.590800e+000 1.026236e+020 
2.591200e+000 1.026000e+020 
2.591600e+000 1.025764e+020 
2.592000e+000 1.025527e+020 
2.592400e+000 1.025291e+020 
2.592800e+000 1.025055e+020 
2.593200e+000 1.024818e+020 
2.593600e+000 1.024582e+020 
2.594000e+000 1.024346e+020 
2.594400e+000 1.024110e+020 
2.594800e+000 1.023873e+020 
2.595200e+000 1.023637e+020 
2.595600e+000 1.023401e+020 
2.596000e+000 1.023165e+020 
2.596400e+000 1.022928e+020 
2.596800e+000 1.022692e+020 
2.597200e+000 1.022456e+020 
2.597600e+000 1.022219e+020 
2.598000e+000 1.021983e+020 
2.598400e+000 1.021747e+020 
2.598800e+000 1.021511e+020 
2.599200e+000 1.021274e+020 
2.599600e+000 1.021038e+020 
2.600000e+000 1.020802e+020 
2.600400e+000 1.020566e+020 
2.600800e+000 1.020329e+020 
2.601200e+000 1.020093e+020 
2.601600e+000 1.019857e+020 
2.602000e+000 1.019620e+020 
2.602400e+000 1.019384e+020 
2.602800e+000 1.019148e+020 
2.603200e+000 1.018912e+020 
2.603600e+000 1.018675e+020 
2.604000e+000 1.018439e+020 
2.604400e+000 1.018203e+020 
2.604800e+000 1.017967e+020 
2.605200e+000 1.017730e+020 
2.605600e+000 1.017494e+020 
2.606000e+000 1.017258e+020 
2.606400e+000 1.017022e+020 
2.606800e+000 1.016785e+020 
2.607200e+000 1.016549e+020 
2.607600e+000 1.016313e+020 
2.608000e+000 1.016076e+020 
2.608400e+000 1.015840e+020 
2.608800e+000 1.015604e+020 
2.609200e+000 1.015368e+020 
2.609600e+000 1.015131e+020 
2.610000e+000 1.014895e+020 
2.610400e+000 1.014659e+020 
2.610800e+000 1.014423e+020 
2.611200e+000 1.014186e+020 
2.611600e+000 1.013950e+020 
2.612000e+000 1.013714e+020 
2.612400e+000 1.013477e+020 
2.612800e+000 1.013241e+020 
2.613200e+000 1.013005e+020 
2.613600e+000 1.012769e+020 
2.614000e+000 1.012532e+020 
2.614400e+000 1.012296e+020 
2.614800e+000 1.012060e+020 
2.615200e+000 1.011824e+020 
2.615600e+000 1.011587e+020 
2.616000e+000 1.011351e+020 
2.616400e+000 1.011115e+020 
2.616800e+000 1.010878e+020 
2.617200e+000 1.010642e+020 
2.617600e+000 1.010406e+020 
2.618000e+000 1.010170e+020 
2.618400e+000 1.009933e+020 
2.618800e+000 1.009697e+020 
2.619200e+000 1.009461e+020 
2.619600e+000 1.009225e+020 
2.620000e+000 1.008988e+020 
2.620400e+000 1.008752e+020 
2.620800e+000 1.008516e+020 
2.621200e+000 1.008279e+020 
2.621600e+000 1.008043e+020 
2.622000e+000 1.007807e+020 
2.622400e+000 1.007571e+020 
2.622800e+000 1.007334e+020 
2.623200e+000 1.007098e+020 
2.623600e+000 1.006862e+020 
2.624000e+000 1.006626e+020 
2.624400e+000 1.006389e+020 
2.624800e+000 1.006153e+020 
2.625200e+000 1.005917e+020 
2.625600e+000 1.005680e+020 
2.626000e+000 1.005444e+020 
2.626400e+000 1.005208e+020 
2.626800e+000 1.004972e+020 
2.627200e+000 1.004735e+020 
2.627600e+000 1.004499e+020 
2.628000e+000 1.004263e+020 
2.628400e+000 1.004027e+020 
2.628800e+000 1.003790e+020 
2.629200e+000 1.003554e+020 
2.629600e+000 1.003318e+020 
2.630000e+000 1.003081e+020 
2.630400e+000 1.002845e+020 
2.630800e+000 1.002609e+020 
2.631200e+000 1.002373e+020 
2.631600e+000 1.002136e+020 
2.632000e+000 1.001900e+020 
2.632400e+000 1.001664e+020 
2.632800e+000 1.001428e+020 
2.633200e+000 1.001191e+020 
2.633600e+000 1.000955e+020 
2.634000e+000 1.000719e+020 
2.634400e+000 1.000482e+020 
2.634800e+000 1.000246e+020 
2.635200e+000 1.000010e+020 
2.635600e+000 9.997737e+019 
2.636000e+000 9.995374e+019 
2.636400e+000 9.993011e+019 
2.636800e+000 9.990648e+019 
2.637200e+000 9.988286e+019 
2.637600e+000 9.985923e+019 
2.638000e+000 9.983560e+019 
2.638400e+000 9.981197e+019 
2.638800e+000 9.978835e+019 
2.639200e+000 9.976472e+019 
2.639600e+000 9.974109e+019 
2.640000e+000 9.971747e+019 
2.640400e+000 9.969384e+019 
2.640800e+000 9.967021e+019 
2.641200e+000 9.964658e+019 
2.641600e+000 9.962296e+019 
2.642000e+000 9.959933e+019 
2.642400e+000 9.957570e+019 
2.642800e+000 9.955208e+019 
2.643200e+000 9.952845e+019 
2.643600e+000 9.950482e+019 
2.644000e+000 9.948119e+019 
2.644400e+000 9.945757e+019 
2.644800e+000 9.943394e+019 
2.645200e+000 9.941031e+019 
2.645600e+000 9.938669e+019 
2.646000e+000 9.936306e+019 
2.646400e+000 9.933943e+019 
2.646800e+000 9.931580e+019 
2.647200e+000 9.929218e+019 
2.647600e+000 9.926855e+019 
2.648000e+000 9.924492e+019 
2.648400e+000 9.922129e+019 
2.648800e+000 9.919767e+019 
2.649200e+000 9.917404e+019 
2.649600e+000 9.915041e+019 
2.650000e+000 9.912679e+019 
2.650400e+000 9.910316e+019 
2.650800e+000 9.907953e+019 
2.651200e+000 9.905590e+019 
2.651600e+000 9.903228e+019 
2.652000e+000 9.900865e+019 
2.652400e+000 9.898502e+019 
2.652800e+000 9.896140e+019 
2.653200e+000 9.893777e+019 
2.653600e+000 9.891414e+019 
2.654000e+000 9.889051e+019 
2.654400e+000 9.886689e+019 
2.654800e+000 9.884326e+019 
2.655200e+000 9.881963e+019 
2.655600e+000 9.879601e+019 
2.656000e+000 9.877238e+019 
2.656400e+000 9.874875e+019 
2.656800e+000 9.872512e+019 
2.657200e+000 9.870150e+019 
2.657600e+000 9.867787e+019 
2.658000e+000 9.865424e+019 
2.658400e+000 9.863061e+019 
2.658800e+000 9.860699e+019 
2.659200e+000 9.858336e+019 
2.659600e+000 9.855973e+019 
2.660000e+000 9.853611e+019 
2.660400e+000 9.851248e+019 
2.660800e+000 9.848885e+019 
2.661200e+000 9.846522e+019 
2.661600e+000 9.844160e+019 
2.662000e+000 9.841797e+019 
2.662400e+000 9.839434e+019 
2.662800e+000 9.837072e+019 
2.663200e+000 9.834709e+019 
2.663600e+000 9.832346e+019 
2.664000e+000 9.829983e+019 
2.664400e+000 9.827621e+019 
2.664800e+000 9.825258e+019 
2.665200e+000 9.822895e+019 
2.665600e+000 9.820533e+019 
2.666000e+000 9.818170e+019 
2.666400e+000 9.815807e+019 
2.666800e+000 9.813444e+019 
2.667200e+000 9.811082e+019 
2.667600e+000 9.808719e+019 
2.668000e+000 9.806356e+019 
2.668400e+000 9.803993e+019 
2.668800e+000 9.801631e+019 
2.669200e+000 9.799268e+019 
2.669600e+000 9.796905e+019 
2.670000e+000 9.794543e+019 
2.670400e+000 9.792180e+019 
2.670800e+000 9.789817e+019 
2.671200e+000 9.787454e+019 
2.671600e+000 9.785092e+019 
2.672000e+000 9.782729e+019 
2.672400e+000 9.780366e+019 
2.672800e+000 9.778004e+019 
2.673200e+000 9.775641e+019 
2.673600e+000 9.773278e+019 
2.674000e+000 9.770915e+019 
2.674400e+000 9.768553e+019 
2.674800e+000 9.766190e+019 
2.675200e+000 9.763827e+019 
2.675600e+000 9.761465e+019 
2.676000e+000 9.759102e+019 
2.676400e+000 9.756739e+019 
2.676800e+000 9.754376e+019 
2.677200e+000 9.752014e+019 
2.677600e+000 9.749651e+019 
2.678000e+000 9.747288e+019 
2.678400e+000 9.744925e+019 
2.678800e+000 9.742563e+019 
2.679200e+000 9.740200e+019 
2.679600e+000 9.737837e+019 
2.680000e+000 9.735475e+019 
2.680400e+000 9.733112e+019 
2.680800e+000 9.730749e+019 
2.681200e+000 9.728386e+019 
2.681600e+000 9.726024e+019 
2.682000e+000 9.723661e+019 
2.682400e+000 9.721298e+019 
2.682800e+000 9.718936e+019 
2.683200e+000 9.716573e+019 
2.683600e+000 9.714210e+019 
2.684000e+000 9.711847e+019 
2.684400e+000 9.709485e+019 
2.684800e+000 9.707122e+019 
2.685200e+000 9.704759e+019 
2.685600e+000 9.702396e+019 
2.686000e+000 9.700034e+019 
2.686400e+000 9.697671e+019 
2.686800e+000 9.695308e+019 
2.687200e+000 9.692946e+019 
2.687600e+000 9.690583e+019 
2.688000e+000 9.688220e+019 
2.688400e+000 9.685857e+019 
2.688800e+000 9.683495e+019 
2.689200e+000 9.681132e+019 
2.689600e+000 9.678769e+019 
2.690000e+000 9.676407e+019 
2.690400e+000 9.674044e+019 
2.690800e+000 9.671681e+019 
2.691200e+000 9.669318e+019 
2.691600e+000 9.666956e+019 
2.692000e+000 9.664593e+019 
2.692400e+000 9.662230e+019 
2.692800e+000 9.659867e+019 
2.693200e+000 9.657505e+019 
2.693600e+000 9.655142e+019 
2.694000e+000 9.652779e+019 
2.694400e+000 9.650417e+019 
2.694800e+000 9.648054e+019 
2.695200e+000 9.645691e+019 
2.695600e+000 9.643328e+019 
2.696000e+000 9.640966e+019 
2.696400e+000 9.638603e+019 
2.696800e+000 9.636240e+019 
2.697200e+000 9.633878e+019 
2.697600e+000 9.631515e+019 
2.698000e+000 9.629152e+019 
2.698400e+000 9.626789e+019 
2.698800e+000 9.624427e+019 
2.699200e+000 9.622064e+019 
2.699600e+000 9.619701e+019 
2.700000e+000 9.617338e+019 
2.700400e+000 9.614976e+019 
2.700800e+000 9.612613e+019 
2.701200e+000 9.610250e+019 
2.701600e+000 9.607888e+019 
2.702000e+000 9.605525e+019 
2.702400e+000 9.603162e+019 
2.702800e+000 9.600799e+019 
2.703200e+000 9.598437e+019 
2.703600e+000 9.596074e+019 
2.704000e+000 9.593711e+019 
2.704400e+000 9.591348e+019 
2.704800e+000 9.588986e+019 
2.705200e+000 9.586623e+019 
2.705600e+000 9.584260e+019 
2.706000e+000 9.581897e+019 
2.706400e+000 9.579535e+019 
2.706800e+000 9.577172e+019 
2.707200e+000 9.574809e+019 
2.707600e+000 9.572447e+019 
2.708000e+000 9.570084e+019 
2.708400e+000 9.567721e+019 
2.708800e+000 9.565358e+019 
2.709200e+000 9.562996e+019 
2.709600e+000 9.560633e+019 
2.710000e+000 9.558270e+019 
2.710400e+000 9.555907e+019 
2.710800e+000 9.553545e+019 
2.711200e+000 9.551182e+019 
2.711600e+000 9.548819e+019 
2.712000e+000 9.546456e+019 
2.712400e+000 9.544094e+019 
2.712800e+000 9.541731e+019 
2.713200e+000 9.539368e+019 
2.713600e+000 9.537005e+019 
2.714000e+000 9.534643e+019 
2.714400e+000 9.532280e+019 
2.714800e+000 9.529917e+019 
2.715200e+000 9.527555e+019 
2.715600e+000 9.525192e+019 
2.716000e+000 9.522829e+019 
2.716400e+000 9.520466e+019 
2.716800e+000 9.518104e+019 
2.717200e+000 9.515741e+019 
2.717600e+000 9.513378e+019 
2.718000e+000 9.511015e+019 
2.718400e+000 9.508653e+019 
2.718800e+000 9.506290e+019 
2.719200e+000 9.503927e+019 
2.719600e+000 9.501564e+019 
2.720000e+000 9.499202e+019 
2.720400e+000 9.496839e+019 
2.720800e+000 9.494476e+019 
2.721200e+000 9.492113e+019 
2.721600e+000 9.489751e+019 
2.722000e+000 9.487388e+019 
2.722400e+000 9.485025e+019 
2.722800e+000 9.482662e+019 
2.723200e+000 9.480299e+019 
2.723600e+000 9.477937e+019 
2.724000e+000 9.475574e+019 
2.724400e+000 9.473211e+019 
2.724800e+000 9.470848e+019 
2.725200e+000 9.468486e+019 
2.725600e+000 9.466123e+019 
2.726000e+000 9.463760e+019 
2.726400e+000 9.461397e+019 
2.726800e+000 9.459034e+019 
2.727200e+000 9.456672e+019 
2.727600e+000 9.454309e+019 
2.728000e+000 9.451946e+019 
2.728400e+000 9.449583e+019 
2.728800e+000 9.447221e+019 
2.729200e+000 9.444858e+019 
2.729600e+000 9.442495e+019 
2.730000e+000 9.440132e+019 
2.730400e+000 9.437769e+019 
2.730800e+000 9.435407e+019 
2.731200e+000 9.433044e+019 
2.731600e+000 9.430681e+019 
2.732000e+000 9.428318e+019 
2.732400e+000 9.425955e+019 
2.732800e+000 9.423593e+019 
2.733200e+000 9.421230e+019 
2.733600e+000 9.418867e+019 
2.734000e+000 9.416504e+019 
2.734400e+000 9.414141e+019 
2.734800e+000 9.411778e+019 
2.735200e+000 9.409416e+019 
2.735600e+000 9.407053e+019 
2.736000e+000 9.404690e+019 
2.736400e+000 9.402327e+019 
2.736800e+000 9.399964e+019 
2.737200e+000 9.397601e+019 
2.737600e+000 9.395238e+019 
2.738000e+000 9.392876e+019 
2.738400e+000 9.390513e+019 
2.738800e+000 9.388150e+019 
2.739200e+000 9.385787e+019 
2.739600e+000 9.383424e+019 
2.740000e+000 9.381061e+019 
2.740400e+000 9.378698e+019 
2.740800e+000 9.376335e+019 
2.741200e+000 9.373973e+019 
2.741600e+000 9.371610e+019 
2.742000e+000 9.369247e+019 
2.742400e+000 9.366884e+019 
2.742800e+000 9.364521e+019 
2.743200e+000 9.362158e+019 
2.743600e+000 9.359795e+019 
2.744000e+000 9.357432e+019 
2.744400e+000 9.355069e+019 
2.744800e+000 9.352706e+019 
2.745200e+000 9.350343e+019 
2.745600e+000 9.347980e+019 
2.746000e+000 9.345617e+019 
2.746400e+000 9.343254e+019 
2.746800e+000 9.340891e+019 
2.747200e+000 9.338528e+019 
2.747600e+000 9.336165e+019 
2.748000e+000 9.333802e+019 
2.748400e+000 9.331439e+019 
2.748800e+000 9.329076e+019 
2.749200e+000 9.326713e+019 
2.749600e+000 9.324350e+019 
2.750000e+000 9.321987e+019 
2.750400e+000 9.319624e+019 
2.750800e+000 9.317261e+019 
2.751200e+000 9.314897e+019 
2.751600e+000 9.312534e+019 
2.752000e+000 9.310171e+019 
2.752400e+000 9.307808e+019 
2.752800e+000 9.305445e+019 
2.753200e+000 9.303082e+019 
2.753600e+000 9.300718e+019 
2.754000e+000 9.298355e+019 
2.754400e+000 9.295992e+019 
2.754800e+000 9.293629e+019 
2.755200e+000 9.291265e+019 
2.755600e+000 9.288902e+019 
2.756000e+000 9.286539e+019 
2.756400e+000 9.284175e+019 
2.756800e+000 9.281812e+019 
2.757200e+000 9.279449e+019 
2.757600e+000 9.277085e+019 
2.758000e+000 9.274722e+019 
2.758400e+000 9.272358e+019 
2.758800e+000 9.269995e+019 
2.759200e+000 9.267632e+019 
2.759600e+000 9.265268e+019 
2.760000e+000 9.262904e+019 
2.760400e+000 9.260541e+019 
2.760800e+000 9.258177e+019 
2.761200e+000 9.255814e+019 
2.761600e+000 9.253450e+019 
2.762000e+000 9.251086e+019 
2.762400e+000 9.248723e+019 
2.762800e+000 9.246359e+019 
2.763200e+000 9.243995e+019 
2.763600e+000 9.241631e+019 
2.764000e+000 9.239268e+019 
2.764400e+000 9.236904e+019 
2.764800e+000 9.234540e+019 
2.765200e+000 9.232176e+019 
2.765600e+000 9.229812e+019 
2.766000e+000 9.227448e+019 
2.766400e+000 9.225084e+019 
2.766800e+000 9.222720e+019 
2.767200e+000 9.220356e+019 
2.767600e+000 9.217991e+019 
2.768000e+000 9.215627e+019 
2.768400e+000 9.213263e+019 
2.768800e+000 9.210899e+019 
2.769200e+000 9.208534e+019 
2.769600e+000 9.206170e+019 
2.770000e+000 9.203805e+019 
2.770400e+000 9.201441e+019 
2.770800e+000 9.199076e+019 
2.771200e+000 9.196711e+019 
2.771600e+000 9.194347e+019 
2.772000e+000 9.191982e+019 
2.772400e+000 9.189617e+019 
2.772800e+000 9.187252e+019 
2.773200e+000 9.184887e+019 
2.773600e+000 9.182522e+019 
2.774000e+000 9.180157e+019 
2.774400e+000 9.177792e+019 
2.774800e+000 9.175426e+019 
2.775200e+000 9.173061e+019 
2.775600e+000 9.170696e+019 
2.776000e+000 9.168330e+019 
2.776400e+000 9.165964e+019 
2.776800e+000 9.163599e+019 
2.777200e+000 9.161233e+019 
2.777600e+000 9.158867e+019 
2.778000e+000 9.156501e+019 
2.778400e+000 9.154135e+019 
2.778800e+000 9.151768e+019 
2.779200e+000 9.149402e+019 
2.779600e+000 9.147035e+019 
2.780000e+000 9.144669e+019 
2.780400e+000 9.142302e+019 
2.780800e+000 9.139935e+019 
2.781200e+000 9.137568e+019 
2.781600e+000 9.135201e+019 
2.782000e+000 9.132834e+019 
2.782400e+000 9.130467e+019 
2.782800e+000 9.128099e+019 
2.783200e+000 9.125731e+019 
2.783600e+000 9.123363e+019 
2.784000e+000 9.120995e+019 
2.784400e+000 9.118627e+019 
2.784800e+000 9.116259e+019 
2.785200e+000 9.113890e+019 
2.785600e+000 9.111521e+019 
2.786000e+000 9.109153e+019 
2.786400e+000 9.106783e+019 
2.786800e+000 9.104414e+019 
2.787200e+000 9.102044e+019 
2.787600e+000 9.099675e+019 
2.788000e+000 9.097305e+019 
2.788400e+000 9.094934e+019 
2.788800e+000 9.092564e+019 
2.789200e+000 9.090193e+019 
2.789600e+000 9.087822e+019 
2.790000e+000 9.085451e+019 
2.790400e+000 9.083080e+019 
2.790800e+000 9.080708e+019 
2.791200e+000 9.078336e+019 
2.791600e+000 9.075963e+019 
2.792000e+000 9.073591e+019 
2.792400e+000 9.071218e+019 
2.792800e+000 9.068844e+019 
2.793200e+000 9.066471e+019 
2.793600e+000 9.064097e+019 
2.794000e+000 9.061722e+019 
2.794400e+000 9.059348e+019 
2.794800e+000 9.056973e+019 
2.795200e+000 9.054597e+019 
2.795600e+000 9.052221e+019 
2.796000e+000 9.049845e+019 
2.796400e+000 9.047468e+019 
2.796800e+000 9.045091e+019 
2.797200e+000 9.042713e+019 
2.797600e+000 9.040335e+019 
2.798000e+000 9.037956e+019 
2.798400e+000 9.035577e+019 
2.798800e+000 9.033197e+019 
2.799200e+000 9.030817e+019 
2.799600e+000 9.028436e+019 
2.800000e+000 9.026055e+019 
2.800400e+000 9.023673e+019 
2.800800e+000 9.021291e+019 
2.801200e+000 9.018907e+019 
2.801600e+000 9.016524e+019 
2.802000e+000 9.014139e+019 
2.802400e+000 9.011754e+019 
2.802800e+000 9.009368e+019 
2.803200e+000 9.006981e+019 
2.803600e+000 9.004594e+019 
2.804000e+000 9.002206e+019 
2.804400e+000 8.999817e+019 
2.804800e+000 8.997427e+019 
2.805200e+000 8.995036e+019 
2.805600e+000 8.992644e+019 
2.806000e+000 8.990252e+019 
2.806400e+000 8.987858e+019 
2.806800e+000 8.985464e+019 
2.807200e+000 8.983068e+019 
2.807600e+000 8.980672e+019 
2.808000e+000 8.978274e+019 
2.808400e+000 8.975876e+019 
2.808800e+000 8.973476e+019 
2.809200e+000 8.971075e+019 
2.809600e+000 8.968672e+019 
2.810000e+000 8.966269e+019 
2.810400e+000 8.963864e+019 
2.810800e+000 8.961458e+019 
2.811200e+000 8.959050e+019 
2.811600e+000 8.956641e+019 
2.812000e+000 8.954231e+019 
2.812400e+000 8.951819e+019 
2.812800e+000 8.949405e+019 
2.813200e+000 8.946990e+019 
2.813600e+000 8.944573e+019 
2.814000e+000 8.942155e+019 
2.814400e+000 8.939735e+019 
2.814800e+000 8.937312e+019 
2.815200e+000 8.934888e+019 
2.815600e+000 8.932462e+019 
2.816000e+000 8.930034e+019 
2.816400e+000 8.927604e+019 
2.816800e+000 8.925172e+019 
2.817200e+000 8.922738e+019 
2.817600e+000 8.920301e+019 
2.818000e+000 8.917862e+019 
2.818400e+000 8.915420e+019 
2.818800e+000 8.912976e+019 
2.819200e+000 8.910530e+019 
2.819600e+000 8.908080e+019 
2.820000e+000 8.905628e+019 
2.820400e+000 8.903173e+019 
2.820800e+000 8.900716e+019 
2.821200e+000 8.898255e+019 
2.821600e+000 8.895791e+019 
2.822000e+000 8.893324e+019 
2.822400e+000 8.890853e+019 
2.822800e+000 8.888379e+019 
2.823200e+000 8.885902e+019 
2.823600e+000 8.883420e+019 
2.824000e+000 8.880936e+019 
2.824400e+000 8.878447e+019 
2.824800e+000 8.875954e+019 
2.825200e+000 8.873457e+019 
2.825600e+000 8.870956e+019 
2.826000e+000 8.868450e+019 
2.826400e+000 8.865940e+019 
2.826800e+000 8.863425e+019 
2.827200e+000 8.860905e+019 
2.827600e+000 8.858381e+019 
2.828000e+000 8.855851e+019 
2.828400e+000 8.853316e+019 
2.828800e+000 8.850775e+019 
2.829200e+000 8.848229e+019 
2.829600e+000 8.845677e+019 
2.830000e+000 8.843119e+019 
2.830400e+000 8.840554e+019 
2.830800e+000 8.837983e+019 
2.831200e+000 8.835406e+019 
2.831600e+000 8.832822e+019 
2.832000e+000 8.830230e+019 
2.832400e+000 8.827632e+019 
2.832800e+000 8.825026e+019 
2.833200e+000 8.822412e+019 
2.833600e+000 8.819790e+019 
2.834000e+000 8.817160e+019 
2.834400e+000 8.814522e+019 
2.834800e+000 8.811875e+019 
2.835200e+000 8.809218e+019 
2.835600e+000 8.806553e+019 
2.836000e+000 8.803877e+019 
2.836400e+000 8.801192e+019 
2.836800e+000 8.798497e+019 
2.837200e+000 8.795791e+019 
2.837600e+000 8.793074e+019 
2.838000e+000 8.790346e+019 
2.838400e+000 8.787606e+019 
2.838800e+000 8.784854e+019 
2.839200e+000 8.782090e+019 
2.839600e+000 8.779313e+019 
2.840000e+000 8.776524e+019 
2.840400e+000 8.773720e+019 
2.840800e+000 8.770902e+019 
2.841200e+000 8.768071e+019 
2.841600e+000 8.765224e+019 
2.842000e+000 8.762362e+019 
2.842400e+000 8.759483e+019 
2.842800e+000 8.756589e+019 
2.843200e+000 8.753678e+019 
2.843600e+000 8.750749e+019 
2.844000e+000 8.747803e+019 
2.844400e+000 8.744838e+019 
2.844800e+000 8.741853e+019 
2.845200e+000 8.738849e+019 
2.845600e+000 8.735825e+019 
2.846000e+000 8.732780e+019 
2.846400e+000 8.729713e+019 
2.846800e+000 8.726624e+019 
2.847200e+000 8.723512e+019 
2.847600e+000 8.720376e+019 
2.848000e+000 8.717216e+019 
2.848400e+000 8.714031e+019 
2.848800e+000 8.710819e+019 
2.849200e+000 8.707581e+019 
2.849600e+000 8.704314e+019 
2.850000e+000 8.701020e+019 
2.850400e+000 8.697696e+019 
2.850800e+000 8.694341e+019 
2.851200e+000 8.690955e+019 
2.851600e+000 8.687537e+019 
2.852000e+000 8.684085e+019 
2.852400e+000 8.680599e+019 
2.852800e+000 8.677078e+019 
2.853200e+000 8.673520e+019 
2.853600e+000 8.669924e+019 
2.854000e+000 8.666290e+019 
2.854400e+000 8.662615e+019 
2.854800e+000 8.658899e+019 
2.855200e+000 8.655141e+019 
2.855600e+000 8.651338e+019 
2.856000e+000 8.647490e+019 
2.856400e+000 8.643595e+019 
2.856800e+000 8.639652e+019 
2.857200e+000 8.635660e+019 
2.857600e+000 8.631616e+019 
2.858000e+000 8.627519e+019 
2.858400e+000 8.623368e+019 
2.858800e+000 8.619160e+019 
2.859200e+000 8.614895e+019 
2.859600e+000 8.610570e+019 
2.860000e+000 8.606184e+019 
2.860400e+000 8.601734e+019 
2.860800e+000 8.597218e+019 
2.861200e+000 8.592636e+019 
2.861600e+000 8.587984e+019 
2.862000e+000 8.583260e+019 
2.862400e+000 8.578462e+019 
2.862800e+000 8.573589e+019 
2.863200e+000 8.568637e+019 
2.863600e+000 8.563604e+019 
2.864000e+000 8.558488e+019 
2.864400e+000 8.553286e+019 
2.864800e+000 8.547996e+019 
2.865200e+000 8.542614e+019 
2.865600e+000 8.537139e+019 
2.866000e+000 8.531567e+019 
2.866400e+000 8.525896e+019 
2.866800e+000 8.520121e+019 
2.867200e+000 8.514242e+019 
2.867600e+000 8.508253e+019 
2.868000e+000 8.502152e+019 
2.868400e+000 8.495935e+019 
2.868800e+000 8.489600e+019 
2.869200e+000 8.483142e+019 
2.869600e+000 8.476558e+019 
2.870000e+000 8.469843e+019 
2.870400e+000 8.462995e+019 
2.870800e+000 8.456010e+019 
2.871200e+000 8.448882e+019 
2.871600e+000 8.441608e+019 
2.872000e+000 8.434184e+019 
2.872400e+000 8.426606e+019 
2.872800e+000 8.418868e+019 
2.873200e+000 8.410966e+019 
2.873600e+000 8.402896e+019 
2.874000e+000 8.394652e+019 
2.874400e+000 8.386230e+019 
2.874800e+000 8.377624e+019 
2.875200e+000 8.368829e+019 
2.875600e+000 8.359840e+019 
2.876000e+000 8.350651e+019 
2.876400e+000 8.341256e+019 
2.876800e+000 8.331650e+019 
2.877200e+000 8.321827e+019 
2.877600e+000 8.311781e+019 
2.878000e+000 8.301505e+019 
2.878400e+000 8.290993e+019 
2.878800e+000 8.280239e+019 
2.879200e+000 8.269235e+019 
2.879600e+000 8.257976e+019 
2.880000e+000 8.246453e+019 
2.880400e+000 8.234661e+019 
2.880800e+000 8.222591e+019 
2.881200e+000 8.210236e+019 
2.881600e+000 8.197589e+019 
2.882000e+000 8.184642e+019 
2.882400e+000 8.171387e+019 
2.882800e+000 8.157816e+019 
2.883200e+000 8.143921e+019 
2.883600e+000 8.129693e+019 
2.884000e+000 8.115125e+019 
2.884400e+000 8.100206e+019 
2.884800e+000 8.084929e+019 
2.885200e+000 8.069285e+019 
2.885600e+000 8.053264e+019 
2.886000e+000 8.036857e+019 
2.886400e+000 8.020055e+019 
2.886800e+000 8.002849e+019 
2.887200e+000 7.985228e+019 
2.887600e+000 7.967183e+019 
2.888000e+000 7.948705e+019 
2.888400e+000 7.929782e+019 
2.888800e+000 7.910406e+019 
2.889200e+000 7.890565e+019 
2.889600e+000 7.870250e+019 
2.890000e+000 7.849450e+019 
2.890400e+000 7.828155e+019 
2.890800e+000 7.806354e+019 
2.891200e+000 7.784036e+019 
2.891600e+000 7.761192e+019 
2.892000e+000 7.737809e+019 
2.892400e+000 7.713879e+019 
2.892800e+000 7.689389e+019 
2.893200e+000 7.664330e+019 
2.893600e+000 7.638690e+019 
2.894000e+000 7.612459e+019 
2.894400e+000 7.585626e+019 
2.894800e+000 7.558182e+019 
2.895200e+000 7.530114e+019 
2.895600e+000 7.501414e+019 
2.896000e+000 7.472071e+019 
2.896400e+000 7.442075e+019 
2.896800e+000 7.411415e+019 
2.897200e+000 7.380083e+019 
2.897600e+000 7.348070e+019 
2.898000e+000 7.315364e+019 
2.898400e+000 7.281959e+019 
2.898800e+000 7.247844e+019 
2.899200e+000 7.213013e+019 
2.899600e+000 7.177456e+019 
2.900000e+000 7.141166e+019 
2.900400e+000 7.104136e+019 
2.900800e+000 7.066360e+019 
2.901200e+000 7.027830e+019 
2.901600e+000 6.988541e+019 
2.902000e+000 6.948488e+019 
2.902400e+000 6.907666e+019 
2.902800e+000 6.866071e+019 
2.903200e+000 6.823699e+019 
2.903600e+000 6.780548e+019 
2.904000e+000 6.736615e+019 
2.904400e+000 6.691898e+019 
2.904800e+000 6.646397e+019 
2.905200e+000 6.600113e+019 
2.905600e+000 6.553045e+019 
2.906000e+000 6.505195e+019 
2.906400e+000 6.456567e+019 
2.906800e+000 6.407163e+019 
2.907200e+000 6.356987e+019 
2.907600e+000 6.306045e+019 
2.908000e+000 6.254342e+019 
2.908400e+000 6.201887e+019 
2.908800e+000 6.148687e+019 
2.909200e+000 6.094751e+019 
2.909600e+000 6.040089e+019 
2.910000e+000 5.984713e+019 
2.910400e+000 5.928635e+019 
2.910800e+000 5.871868e+019 
2.911200e+000 5.814426e+019 
2.911600e+000 5.756324e+019 
2.912000e+000 5.697580e+019 
2.912400e+000 5.638210e+019 
2.912800e+000 5.578233e+019 
2.913200e+000 5.517669e+019 
2.913600e+000 5.456538e+019 
2.914000e+000 5.394861e+019 
2.914400e+000 5.332661e+019 
2.914800e+000 5.269962e+019 
2.915200e+000 5.206788e+019 
2.915600e+000 5.143163e+019 
2.916000e+000 5.079115e+019 
2.916400e+000 5.014670e+019 
2.916800e+000 4.949856e+019 
2.917200e+000 4.884700e+019 
2.917600e+000 4.819234e+019 
2.918000e+000 4.753484e+019 
2.918400e+000 4.687484e+019 
2.918800e+000 4.621262e+019 
2.919200e+000 4.554851e+019 
2.919600e+000 4.488281e+019 
2.920000e+000 4.421586e+019 
2.920400e+000 4.354797e+019 
2.920800e+000 4.287948e+019 
2.921200e+000 4.221070e+019 
2.921600e+000 4.154196e+019 
2.922000e+000 4.087360e+019 
2.922400e+000 4.020594e+019 
2.922800e+000 3.953931e+019 
2.923200e+000 3.887403e+019 
2.923600e+000 3.821043e+019 
2.924000e+000 3.754882e+019 
2.924400e+000 3.688953e+019 
2.924800e+000 3.623286e+019 
2.925200e+000 3.557913e+019 
2.925600e+000 3.492863e+019 
2.926000e+000 3.428166e+019 
2.926400e+000 3.363852e+019 
2.926800e+000 3.299948e+019 
2.927200e+000 3.236481e+019 
2.927600e+000 3.173480e+019 
2.928000e+000 3.110968e+019 
2.928400e+000 3.048973e+019 
2.928800e+000 2.987517e+019 
2.929200e+000 2.926625e+019 
2.929600e+000 2.866318e+019 
2.930000e+000 2.806617e+019 
2.930400e+000 2.747543e+019 
2.930800e+000 2.689116e+019 
2.931200e+000 2.631352e+019 
2.931600e+000 2.574270e+019 
2.932000e+000 2.517886e+019 
2.932400e+000 2.462214e+019 
2.932800e+000 2.407269e+019 
2.933200e+000 2.353064e+019 
2.933600e+000 2.299609e+019 
2.934000e+000 2.246917e+019 
2.934400e+000 2.194996e+019 
2.934800e+000 2.143856e+019 
2.935200e+000 2.093503e+019 
2.935600e+000 2.043946e+019 
2.936000e+000 1.995189e+019 
2.936400e+000 1.947237e+019 
2.936800e+000 1.900094e+019 
2.937200e+000 1.853762e+019 
2.937600e+000 1.808245e+019 
2.938000e+000 1.763542e+019 
2.938400e+000 1.719654e+019 
2.938800e+000 1.676580e+019 
2.939200e+000 1.634320e+019 
2.939600e+000 1.592870e+019 
2.940000e+000 1.552229e+019 
2.940400e+000 1.512393e+019 
2.940800e+000 1.473357e+019 
2.941200e+000 1.435117e+019 
2.941600e+000 1.397667e+019 
2.942000e+000 1.361002e+019 
2.942400e+000 1.325115e+019 
2.942800e+000 1.289999e+019 
2.943200e+000 1.255647e+019 
2.943600e+000 1.222051e+019 
2.944000e+000 1.189202e+019 
2.944400e+000 1.157093e+019 
2.944800e+000 1.125713e+019 
2.945200e+000 1.095055e+019 
2.945600e+000 1.065108e+019 
2.946000e+000 1.035862e+019 
2.946400e+000 1.007307e+019 
2.946800e+000 9.794338e+018 
2.947200e+000 9.522311e+018 
2.947600e+000 9.256883e+018 
2.948000e+000 8.997948e+018 
2.948400e+000 8.745396e+018 
2.948800e+000 8.499119e+018 
2.949200e+000 8.259004e+018 
2.949600e+000 8.024941e+018 
2.950000e+000 7.796818e+018 
2.950400e+000 7.574524e+018 
2.950800e+000 7.357946e+018 
2.951200e+000 7.146971e+018 
2.951600e+000 6.941490e+018 
2.952000e+000 6.741389e+018 
2.952400e+000 6.546557e+018 
2.952800e+000 6.356886e+018 
2.953200e+000 6.172264e+018 
2.953600e+000 5.992582e+018 
2.954000e+000 5.817733e+018 
2.954400e+000 5.647610e+018 
2.954800e+000 5.482106e+018 
2.955200e+000 5.321116e+018 
2.955600e+000 5.164537e+018 
2.956000e+000 5.012266e+018 
2.956400e+000 4.864202e+018 
2.956800e+000 4.720246e+018 
2.957200e+000 4.580297e+018 
2.957600e+000 4.444261e+018 
2.958000e+000 4.312041e+018 
2.958400e+000 4.183543e+018 
2.958800e+000 4.058675e+018 
2.959200e+000 3.937346e+018 
2.959600e+000 3.819467e+018 
2.960000e+000 3.704950e+018 
2.960400e+000 3.593709e+018 
2.960800e+000 3.485659e+018 
2.961200e+000 3.380718e+018 
2.961600e+000 3.278805e+018 
2.962000e+000 3.179840e+018 
2.962400e+000 3.083745e+018 
2.962800e+000 2.990444e+018 
2.963200e+000 2.899861e+018 
2.963600e+000 2.811925e+018 
2.964000e+000 2.726564e+018 
2.964400e+000 2.643707e+018 
2.964800e+000 2.563286e+018 
2.965200e+000 2.485236e+018 
2.965600e+000 2.409489e+018 
2.966000e+000 2.335983e+018 
2.966400e+000 2.264655e+018 
2.966800e+000 2.195445e+018 
2.967200e+000 2.128294e+018 
2.967600e+000 2.063143e+018 
2.968000e+000 1.999936e+018 
2.968400e+000 1.938619e+018 
2.968800e+000 1.879137e+018 
2.969200e+000 1.821438e+018 
2.969600e+000 1.765472e+018 
2.970000e+000 1.711188e+018 
2.970400e+000 1.658539e+018 
2.970800e+000 1.607477e+018 
2.971200e+000 1.557956e+018 
2.971600e+000 1.509932e+018 
2.972000e+000 1.463361e+018 
2.972400e+000 1.418201e+018 
2.972800e+000 1.374410e+018 
2.973200e+000 1.331949e+018 
2.973600e+000 1.290779e+018 
2.974000e+000 1.250861e+018 
2.974400e+000 1.212159e+018 
2.974800e+000 1.174637e+018 
2.975200e+000 1.138259e+018 
2.975600e+000 1.102993e+018 
2.976000e+000 1.068805e+018 
2.976400e+000 1.035662e+018 
2.976800e+000 1.003535e+018 
2.977200e+000 9.723914e+017 
2.977600e+000 9.422033e+017 
2.978000e+000 9.129416e+017 
2.978400e+000 8.845787e+017 
2.978800e+000 8.570874e+017 
2.979200e+000 8.304416e+017 
2.979600e+000 8.046159e+017 
2.980000e+000 7.795854e+017 
2.980400e+000 7.553262e+017 
2.980800e+000 7.318149e+017 
2.981200e+000 7.090290e+017 
2.981600e+000 6.869464e+017 
2.982000e+000 6.655458e+017 
2.982400e+000 6.448065e+017 
2.982800e+000 6.247084e+017 
2.983200e+000 6.052320e+017 
2.983600e+000 5.863583e+017 
2.984000e+000 5.680689e+017 
2.984400e+000 5.503460e+017 
2.984800e+000 5.331724e+017 
2.985200e+000 5.165312e+017 
2.985600e+000 5.004060e+017 
2.986000e+000 4.847813e+017 
2.986400e+000 4.696414e+017 
2.986800e+000 4.549717e+017 
2.987200e+000 4.407577e+017 
2.987600e+000 4.269853e+017 
2.988000e+000 4.136410e+017 
2.988400e+000 4.007116e+017 
2.988800e+000 3.881844e+017 
2.989200e+000 3.760469e+017 
2.989600e+000 3.642872e+017 
2.990000e+000 3.528936e+017 
2.990400e+000 3.418548e+017 
2.990800e+000 3.311598e+017 
2.991200e+000 3.207981e+017 
2.991600e+000 3.107593e+017 
2.992000e+000 3.010334e+017 
2.992400e+000 2.916108e+017 
2.992800e+000 2.824820e+017 
2.993200e+000 2.736381e+017 
2.993600e+000 2.650700e+017 
2.994000e+000 2.567694e+017 
2.994400e+000 2.487279e+017 
2.994800e+000 2.409374e+017 
2.995200e+000 2.333902e+017 
2.995600e+000 2.260788e+017 
2.996000e+000 2.189957e+017 
2.996400e+000 2.121339e+017 
2.996800e+000 2.054866e+017 
2.997200e+000 1.990470e+017 
2.997600e+000 1.928088e+017 
2.998000e+000 1.867655e+017 
2.998400e+000 1.809113e+017 
2.998800e+000 1.752401e+017 
2.999200e+000 1.697463e+017 
2.999600e+000 1.644244e+017 
3.000000e+000 1.592689e+017 
3.000400e+000 1.542748e+017 
3.000800e+000 1.494370e+017 
3.001200e+000 1.447506e+017 
3.001600e+000 1.402109e+017 
3.002000e+000 1.358133e+017 
3.002400e+000 1.315534e+017 
3.002800e+000 1.274269e+017 
3.003200e+000 1.234297e+017 
3.003600e+000 1.195576e+017 
3.004000e+000 1.158068e+017 
3.004400e+000 1.121735e+017 
3.004800e+000 1.086540e+017 
3.005200e+000 1.052448e+017 
3.005600e+000 1.019424e+017 
3.006000e+000 9.874347e+016 
3.006400e+000 9.564482e+016 
3.006800e+000 9.264328e+016 
3.007200e+000 8.973582e+016 
3.007600e+000 8.691950e+016 
3.008000e+000 8.419147e+016 
3.008400e+000 8.154896e+016 
3.008800e+000 7.898931e+016 
3.009200e+000 7.650991e+016 
3.009600e+000 7.410826e+016 
3.010000e+000 7.178192e+016 
3.010400e+000 6.952854e+016 
3.010800e+000 6.734583e+016 
3.011200e+000 6.523158e+016 
3.011600e+000 6.318364e+016 
3.012000e+000 6.119995e+016 
3.012400e+000 5.927848e+016 
3.012800e+000 5.741729e+016 
3.013200e+000 5.561449e+016 
3.013600e+000 5.386825e+016 
3.014000e+000 5.217680e+016 
3.014400e+000 5.053842e+016 
3.014800e+000 4.895146e+016 
3.015200e+000 4.741429e+016 
3.015600e+000 4.592536e+016 
3.016000e+000 4.448315e+016 
3.016400e+000 4.308621e+016 
3.016800e+000 4.173310e+016 
3.017200e+000 4.042247e+016 
3.017600e+000 3.915297e+016 
3.018000e+000 3.792332e+016 
3.018400e+000 3.673227e+016 
3.018800e+000 3.557860e+016 
3.019200e+000 3.446115e+016 
3.019600e+000 3.337878e+016 
3.020000e+000 3.233039e+016 
3.020400e+000 3.131491e+016 
3.020800e+000 3.033130e+016 
3.021200e+000 2.937859e+016 
3.021600e+000 2.845578e+016 
3.022000e+000 2.756194e+016 
3.022400e+000 2.669617e+016 
3.022800e+000 2.585759e+016 
3.023200e+000 2.504533e+016 
3.023600e+000 2.425858e+016 
3.024000e+000 2.349654e+016 
3.024400e+000 2.275842e+016 
3.024800e+000 2.204348e+016 
3.025200e+000 2.135100e+016 
3.025600e+000 2.068026e+016 
3.026000e+000 2.003058e+016 
3.026400e+000 1.940131e+016 
3.026800e+000 1.879180e+016 
3.027200e+000 1.820143e+016 
3.027600e+000 1.762960e+016 
3.028000e+000 1.707574e+016 
3.028400e+000 1.653926e+016 
3.028800e+000 1.601964e+016 
3.029200e+000 1.551634e+016 
3.029600e+000 1.502884e+016 
3.030000e+000 1.455666e+016 
3.030400e+000 1.409931e+016 
3.030800e+000 1.365633e+016 
3.031200e+000 1.322726e+016 
3.031600e+000 1.281166e+016 
3.032000e+000 1.240912e+016 
3.032400e+000 1.201923e+016 
3.032800e+000 1.164158e+016 
3.033200e+000 1.127580e+016 
3.033600e+000 1.092151e+016 
3.034000e+000 1.057834e+016 
3.034400e+000 1.024596e+016 
3.034800e+000 9.924017e+015 
3.035200e+000 9.612188e+015 
3.035600e+000 9.310156e+015 
3.036000e+000 9.017612e+015 
3.036400e+000 8.734259e+015 
3.036800e+000 8.459808e+015 
3.037200e+000 8.193978e+015 
3.037600e+000 7.936501e+015 
3.038000e+000 7.687112e+015 
3.038400e+000 7.445558e+015 
3.038800e+000 7.211594e+015 
3.039200e+000 6.984980e+015 
3.039600e+000 6.765485e+015 
3.040000e+000 6.552887e+015 
3.040400e+000 6.346969e+015 
3.040800e+000 6.147520e+015 
3.041200e+000 5.954337e+015 
3.041600e+000 5.767224e+015 
3.042000e+000 5.585991e+015 
3.042400e+000 5.410451e+015 
3.042800e+000 5.240427e+015 
3.043200e+000 5.075745e+015 
3.043600e+000 4.916238e+015 
3.044000e+000 4.761742e+015 
3.044400e+000 4.612101e+015 
3.044800e+000 4.467161e+015 
3.045200e+000 4.326776e+015 
3.045600e+000 4.190802e+015 
3.046000e+000 4.059100e+015 
3.046400e+000 3.931537e+015 
3.046800e+000 3.807982e+015 
3.047200e+000 3.688309e+015 
3.047600e+000 3.572397e+015 
3.048000e+000 3.460127e+015 
3.048400e+000 3.351385e+015 
3.048800e+000 3.246060e+015 
3.049200e+000 3.144045e+015 
3.049600e+000 3.045235e+015 
3.050000e+000 2.949530e+015 
3.050400e+000 2.856832e+015 
3.050800e+000 2.767048e+015 
3.051200e+000 2.680085e+015 
3.051600e+000 2.595854e+015 
3.052000e+000 2.514271e+015 
3.052400e+000 2.435251e+015 
3.052800e+000 2.358714e+015 
3.053200e+000 2.284583e+015 
3.053600e+000 2.212781e+015 
3.054000e+000 2.143235e+015 
3.054400e+000 2.075875e+015 
3.054800e+000 2.010632e+015 
3.055200e+000 1.947439e+015 
3.055600e+000 1.886232e+015 
3.056000e+000 1.826948e+015 
3.056400e+000 1.769528e+015 
3.056800e+000 1.713912e+015 
3.057200e+000 1.660044e+015 
3.057600e+000 1.607868e+015 
3.058000e+000 1.557333e+015 
3.058400e+000 1.508385e+015 
3.058800e+000 1.460976e+015 
3.059200e+000 1.415057e+015 
3.059600e+000 1.370580e+015 
3.060000e+000 1.327502e+015 
3.060400e+000 1.285777e+015 
3.060800e+000 1.245364e+015 
3.061200e+000 1.206221e+015 
3.061600e+000 1.168308e+015 
3.062000e+000 1.131586e+015 
3.062400e+000 1.096019e+015 
3.062800e+000 1.061569e+015 
3.063200e+000 1.028202e+015 
3.063600e+000 9.958841e+014 
3.064000e+000 9.645815e+014 
3.064400e+000 9.342628e+014 
3.064800e+000 9.048969e+014 
3.065200e+000 8.764540e+014 
3.065600e+000 8.489050e+014 
3.066000e+000 8.222218e+014 
3.066400e+000 7.963773e+014 
3.066800e+000 7.713450e+014 
3.067200e+000 7.470995e+014 
3.067600e+000 7.236160e+014 
3.068000e+000 7.008706e+014 
3.068400e+000 6.788400e+014 
3.068800e+000 6.575019e+014 
3.069200e+000 6.368344e+014 
3.069600e+000 6.168166e+014 
3.070000e+000 5.974278e+014 
3.070400e+000 5.786485e+014 
3.070800e+000 5.604594e+014 
3.071200e+000 5.428420e+014 
3.071600e+000 5.257784e+014 
3.072000e+000 5.092510e+014 
3.072400e+000 4.932431e+014 
3.072800e+000 4.777384e+014 
3.073200e+000 4.627210e+014 
3.073600e+000 4.481756e+014 
3.074000e+000 4.340874e+014 
3.074400e+000 4.204420e+014 
3.074800e+000 4.072255e+014 
3.075200e+000 3.944244e+014 
3.075600e+000 3.820257e+014 
3.076000e+000 3.700167e+014 
3.076400e+000 3.583851e+014 
3.076800e+000 3.471192e+014 
3.077200e+000 3.362073e+014 
3.077600e+000 3.256385e+014 
3.078000e+000 3.154018e+014 
3.078400e+000 3.054870e+014 
3.078800e+000 2.958837e+014 
3.079200e+000 2.865823e+014 
3.079600e+000 2.775733e+014 
3.080000e+000 2.688475e+014 
3.080400e+000 2.603960e+014 
3.080800e+000 2.522101e+014 
3.081200e+000 2.442815e+014 
3.081600e+000 2.366021e+014 
3.082000e+000 2.291641e+014 
3.082400e+000 2.219600e+014 
3.082800e+000 2.149822e+014 
3.083200e+000 2.082238e+014 
3.083600e+000 2.016779e+014 
3.084000e+000 1.953377e+014 
3.084400e+000 1.891968e+014 
3.084800e+000 1.832490e+014 
3.085200e+000 1.774881e+014 
3.085600e+000 1.719083e+014 
3.086000e+000 1.665039e+014 
3.086400e+000 1.612694e+014 
3.086800e+000 1.561994e+014 
3.087200e+000 1.512888e+014 
3.087600e+000 1.465326e+014 
3.088000e+000 1.419259e+014 
3.088400e+000 1.374640e+014 
3.088800e+000 1.331423e+014 
3.089200e+000 1.289565e+014 
3.089600e+000 1.249023e+014 
3.090000e+000 1.209756e+014 
