R[m] ne[m^-3]
2.530000e+000 7.080996e+019 
2.530400e+000 7.079421e+019 
2.530800e+000 7.077846e+019 
2.531200e+000 7.076271e+019 
2.531600e+000 7.074696e+019 
2.532000e+000 7.073121e+019 
2.532400e+000 7.071545e+019 
2.532800e+000 7.069970e+019 
2.533200e+000 7.068395e+019 
2.533600e+000 7.066820e+019 
2.534000e+000 7.065245e+019 
2.534400e+000 7.063670e+019 
2.534800e+000 7.062095e+019 
2.535200e+000 7.060519e+019 
2.535600e+000 7.058944e+019 
2.536000e+000 7.057369e+019 
2.536400e+000 7.055794e+019 
2.536800e+000 7.054219e+019 
2.537200e+000 7.052644e+019 
2.537600e+000 7.051069e+019 
2.538000e+000 7.049493e+019 
2.538400e+000 7.047918e+019 
2.538800e+000 7.046343e+019 
2.539200e+000 7.044768e+019 
2.539600e+000 7.043193e+019 
2.540000e+000 7.041618e+019 
2.540400e+000 7.040043e+019 
2.540800e+000 7.038467e+019 
2.541200e+000 7.036892e+019 
2.541600e+000 7.035317e+019 
2.542000e+000 7.033742e+019 
2.542400e+000 7.032167e+019 
2.542800e+000 7.030592e+019 
2.543200e+000 7.029017e+019 
2.543600e+000 7.027441e+019 
2.544000e+000 7.025866e+019 
2.544400e+000 7.024291e+019 
2.544800e+000 7.022716e+019 
2.545200e+000 7.021141e+019 
2.545600e+000 7.019566e+019 
2.546000e+000 7.017990e+019 
2.546400e+000 7.016415e+019 
2.546800e+000 7.014840e+019 
2.547200e+000 7.013265e+019 
2.547600e+000 7.011690e+019 
2.548000e+000 7.010115e+019 
2.548400e+000 7.008540e+019 
2.548800e+000 7.006964e+019 
2.549200e+000 7.005389e+019 
2.549600e+000 7.003814e+019 
2.550000e+000 7.002239e+019 
2.550400e+000 7.000664e+019 
2.550800e+000 6.999089e+019 
2.551200e+000 6.997514e+019 
2.551600e+000 6.995938e+019 
2.552000e+000 6.994363e+019 
2.552400e+000 6.992788e+019 
2.552800e+000 6.991213e+019 
2.553200e+000 6.989638e+019 
2.553600e+000 6.988063e+019 
2.554000e+000 6.986488e+019 
2.554400e+000 6.984912e+019 
2.554800e+000 6.983337e+019 
2.555200e+000 6.981762e+019 
2.555600e+000 6.980187e+019 
2.556000e+000 6.978612e+019 
2.556400e+000 6.977037e+019 
2.556800e+000 6.975462e+019 
2.557200e+000 6.973886e+019 
2.557600e+000 6.972311e+019 
2.558000e+000 6.970736e+019 
2.558400e+000 6.969161e+019 
2.558800e+000 6.967586e+019 
2.559200e+000 6.966011e+019 
2.559600e+000 6.964435e+019 
2.560000e+000 6.962860e+019 
2.560400e+000 6.961285e+019 
2.560800e+000 6.959710e+019 
2.561200e+000 6.958135e+019 
2.561600e+000 6.956560e+019 
2.562000e+000 6.954985e+019 
2.562400e+000 6.953409e+019 
2.562800e+000 6.951834e+019 
2.563200e+000 6.950259e+019 
2.563600e+000 6.948684e+019 
2.564000e+000 6.947109e+019 
2.564400e+000 6.945534e+019 
2.564800e+000 6.943959e+019 
2.565200e+000 6.942383e+019 
2.565600e+000 6.940808e+019 
2.566000e+000 6.939233e+019 
2.566400e+000 6.937658e+019 
2.566800e+000 6.936083e+019 
2.567200e+000 6.934508e+019 
2.567600e+000 6.932933e+019 
2.568000e+000 6.931357e+019 
2.568400e+000 6.929782e+019 
2.568800e+000 6.928207e+019 
2.569200e+000 6.926632e+019 
2.569600e+000 6.925057e+019 
2.570000e+000 6.923482e+019 
2.570400e+000 6.921907e+019 
2.570800e+000 6.920331e+019 
2.571200e+000 6.918756e+019 
2.571600e+000 6.917181e+019 
2.572000e+000 6.915606e+019 
2.572400e+000 6.914031e+019 
2.572800e+000 6.912456e+019 
2.573200e+000 6.910881e+019 
2.573600e+000 6.909305e+019 
2.574000e+000 6.907730e+019 
2.574400e+000 6.906155e+019 
2.574800e+000 6.904580e+019 
2.575200e+000 6.903005e+019 
2.575600e+000 6.901430e+019 
2.576000e+000 6.899854e+019 
2.576400e+000 6.898279e+019 
2.576800e+000 6.896704e+019 
2.577200e+000 6.895129e+019 
2.577600e+000 6.893554e+019 
2.578000e+000 6.891979e+019 
2.578400e+000 6.890404e+019 
2.578800e+000 6.888828e+019 
2.579200e+000 6.887253e+019 
2.579600e+000 6.885678e+019 
2.580000e+000 6.884103e+019 
2.580400e+000 6.882528e+019 
2.580800e+000 6.880953e+019 
2.581200e+000 6.879378e+019 
2.581600e+000 6.877802e+019 
2.582000e+000 6.876227e+019 
2.582400e+000 6.874652e+019 
2.582800e+000 6.873077e+019 
2.583200e+000 6.871502e+019 
2.583600e+000 6.869927e+019 
2.584000e+000 6.868352e+019 
2.584400e+000 6.866776e+019 
2.584800e+000 6.865201e+019 
2.585200e+000 6.863626e+019 
2.585600e+000 6.862051e+019 
2.586000e+000 6.860476e+019 
2.586400e+000 6.858901e+019 
2.586800e+000 6.857326e+019 
2.587200e+000 6.855750e+019 
2.587600e+000 6.854175e+019 
2.588000e+000 6.852600e+019 
2.588400e+000 6.851025e+019 
2.588800e+000 6.849450e+019 
2.589200e+000 6.847875e+019 
2.589600e+000 6.846300e+019 
2.590000e+000 6.844724e+019 
2.590400e+000 6.843149e+019 
2.590800e+000 6.841574e+019 
2.591200e+000 6.839999e+019 
2.591600e+000 6.838424e+019 
2.592000e+000 6.836849e+019 
2.592400e+000 6.835273e+019 
2.592800e+000 6.833698e+019 
2.593200e+000 6.832123e+019 
2.593600e+000 6.830548e+019 
2.594000e+000 6.828973e+019 
2.594400e+000 6.827398e+019 
2.594800e+000 6.825823e+019 
2.595200e+000 6.824247e+019 
2.595600e+000 6.822672e+019 
2.596000e+000 6.821097e+019 
2.596400e+000 6.819522e+019 
2.596800e+000 6.817947e+019 
2.597200e+000 6.816372e+019 
2.597600e+000 6.814797e+019 
2.598000e+000 6.813221e+019 
2.598400e+000 6.811646e+019 
2.598800e+000 6.810071e+019 
2.599200e+000 6.808496e+019 
2.599600e+000 6.806921e+019 
2.600000e+000 6.805346e+019 
2.600400e+000 6.803771e+019 
2.600800e+000 6.802195e+019 
2.601200e+000 6.800620e+019 
2.601600e+000 6.799045e+019 
2.602000e+000 6.797470e+019 
2.602400e+000 6.795895e+019 
2.602800e+000 6.794320e+019 
2.603200e+000 6.792745e+019 
2.603600e+000 6.791169e+019 
2.604000e+000 6.789594e+019 
2.604400e+000 6.788019e+019 
2.604800e+000 6.786444e+019 
2.605200e+000 6.784869e+019 
2.605600e+000 6.783294e+019 
2.606000e+000 6.781719e+019 
2.606400e+000 6.780143e+019 
2.606800e+000 6.778568e+019 
2.607200e+000 6.776993e+019 
2.607600e+000 6.775418e+019 
2.608000e+000 6.773843e+019 
2.608400e+000 6.772268e+019 
2.608800e+000 6.770692e+019 
2.609200e+000 6.769117e+019 
2.609600e+000 6.767542e+019 
2.610000e+000 6.765967e+019 
2.610400e+000 6.764392e+019 
2.610800e+000 6.762817e+019 
2.611200e+000 6.761242e+019 
2.611600e+000 6.759666e+019 
2.612000e+000 6.758091e+019 
2.612400e+000 6.756516e+019 
2.612800e+000 6.754941e+019 
2.613200e+000 6.753366e+019 
2.613600e+000 6.751791e+019 
2.614000e+000 6.750216e+019 
2.614400e+000 6.748640e+019 
2.614800e+000 6.747065e+019 
2.615200e+000 6.745490e+019 
2.615600e+000 6.743915e+019 
2.616000e+000 6.742340e+019 
2.616400e+000 6.740765e+019 
2.616800e+000 6.739190e+019 
2.617200e+000 6.737614e+019 
2.617600e+000 6.736039e+019 
2.618000e+000 6.734464e+019 
2.618400e+000 6.732889e+019 
2.618800e+000 6.731314e+019 
2.619200e+000 6.729739e+019 
2.619600e+000 6.728164e+019 
2.620000e+000 6.726588e+019 
2.620400e+000 6.725013e+019 
2.620800e+000 6.723438e+019 
2.621200e+000 6.721863e+019 
2.621600e+000 6.720288e+019 
2.622000e+000 6.718713e+019 
2.622400e+000 6.717138e+019 
2.622800e+000 6.715562e+019 
2.623200e+000 6.713987e+019 
2.623600e+000 6.712412e+019 
2.624000e+000 6.710837e+019 
2.624400e+000 6.709262e+019 
2.624800e+000 6.707687e+019 
2.625200e+000 6.706111e+019 
2.625600e+000 6.704536e+019 
2.626000e+000 6.702961e+019 
2.626400e+000 6.701386e+019 
2.626800e+000 6.699811e+019 
2.627200e+000 6.698236e+019 
2.627600e+000 6.696661e+019 
2.628000e+000 6.695085e+019 
2.628400e+000 6.693510e+019 
2.628800e+000 6.691935e+019 
2.629200e+000 6.690360e+019 
2.629600e+000 6.688785e+019 
2.630000e+000 6.687210e+019 
2.630400e+000 6.685635e+019 
2.630800e+000 6.684059e+019 
2.631200e+000 6.682484e+019 
2.631600e+000 6.680909e+019 
2.632000e+000 6.679334e+019 
2.632400e+000 6.677759e+019 
2.632800e+000 6.676184e+019 
2.633200e+000 6.674609e+019 
2.633600e+000 6.673033e+019 
2.634000e+000 6.671458e+019 
2.634400e+000 6.669883e+019 
2.634800e+000 6.668308e+019 
2.635200e+000 6.666733e+019 
2.635600e+000 6.665158e+019 
2.636000e+000 6.663583e+019 
2.636400e+000 6.662007e+019 
2.636800e+000 6.660432e+019 
2.637200e+000 6.658857e+019 
2.637600e+000 6.657282e+019 
2.638000e+000 6.655707e+019 
2.638400e+000 6.654132e+019 
2.638800e+000 6.652557e+019 
2.639200e+000 6.650981e+019 
2.639600e+000 6.649406e+019 
2.640000e+000 6.647831e+019 
2.640400e+000 6.646256e+019 
2.640800e+000 6.644681e+019 
2.641200e+000 6.643106e+019 
2.641600e+000 6.641530e+019 
2.642000e+000 6.639955e+019 
2.642400e+000 6.638380e+019 
2.642800e+000 6.636805e+019 
2.643200e+000 6.635230e+019 
2.643600e+000 6.633655e+019 
2.644000e+000 6.632080e+019 
2.644400e+000 6.630504e+019 
2.644800e+000 6.628929e+019 
2.645200e+000 6.627354e+019 
2.645600e+000 6.625779e+019 
2.646000e+000 6.624204e+019 
2.646400e+000 6.622629e+019 
2.646800e+000 6.621054e+019 
2.647200e+000 6.619478e+019 
2.647600e+000 6.617903e+019 
2.648000e+000 6.616328e+019 
2.648400e+000 6.614753e+019 
2.648800e+000 6.613178e+019 
2.649200e+000 6.611603e+019 
2.649600e+000 6.610028e+019 
2.650000e+000 6.608452e+019 
2.650400e+000 6.606877e+019 
2.650800e+000 6.605302e+019 
2.651200e+000 6.603727e+019 
2.651600e+000 6.602152e+019 
2.652000e+000 6.600577e+019 
2.652400e+000 6.599002e+019 
2.652800e+000 6.597426e+019 
2.653200e+000 6.595851e+019 
2.653600e+000 6.594276e+019 
2.654000e+000 6.592701e+019 
2.654400e+000 6.591126e+019 
2.654800e+000 6.589551e+019 
2.655200e+000 6.587975e+019 
2.655600e+000 6.586400e+019 
2.656000e+000 6.584825e+019 
2.656400e+000 6.583250e+019 
2.656800e+000 6.581675e+019 
2.657200e+000 6.580100e+019 
2.657600e+000 6.578525e+019 
2.658000e+000 6.576949e+019 
2.658400e+000 6.575374e+019 
2.658800e+000 6.573799e+019 
2.659200e+000 6.572224e+019 
2.659600e+000 6.570649e+019 
2.660000e+000 6.569074e+019 
2.660400e+000 6.567499e+019 
2.660800e+000 6.565923e+019 
2.661200e+000 6.564348e+019 
2.661600e+000 6.562773e+019 
2.662000e+000 6.561198e+019 
2.662400e+000 6.559623e+019 
2.662800e+000 6.558048e+019 
2.663200e+000 6.556473e+019 
2.663600e+000 6.554897e+019 
2.664000e+000 6.553322e+019 
2.664400e+000 6.551747e+019 
2.664800e+000 6.550172e+019 
2.665200e+000 6.548597e+019 
2.665600e+000 6.547022e+019 
2.666000e+000 6.545447e+019 
2.666400e+000 6.543871e+019 
2.666800e+000 6.542296e+019 
2.667200e+000 6.540721e+019 
2.667600e+000 6.539146e+019 
2.668000e+000 6.537571e+019 
2.668400e+000 6.535996e+019 
2.668800e+000 6.534421e+019 
2.669200e+000 6.532845e+019 
2.669600e+000 6.531270e+019 
2.670000e+000 6.529695e+019 
2.670400e+000 6.528120e+019 
2.670800e+000 6.526545e+019 
2.671200e+000 6.524970e+019 
2.671600e+000 6.523394e+019 
2.672000e+000 6.521819e+019 
2.672400e+000 6.520244e+019 
2.672800e+000 6.518669e+019 
2.673200e+000 6.517094e+019 
2.673600e+000 6.515519e+019 
2.674000e+000 6.513944e+019 
2.674400e+000 6.512368e+019 
2.674800e+000 6.510793e+019 
2.675200e+000 6.509218e+019 
2.675600e+000 6.507643e+019 
2.676000e+000 6.506068e+019 
2.676400e+000 6.504493e+019 
2.676800e+000 6.502918e+019 
2.677200e+000 6.501342e+019 
2.677600e+000 6.499767e+019 
2.678000e+000 6.498192e+019 
2.678400e+000 6.496617e+019 
2.678800e+000 6.495042e+019 
2.679200e+000 6.493467e+019 
2.679600e+000 6.491892e+019 
2.680000e+000 6.490316e+019 
2.680400e+000 6.488741e+019 
2.680800e+000 6.487166e+019 
2.681200e+000 6.485591e+019 
2.681600e+000 6.484016e+019 
2.682000e+000 6.482441e+019 
2.682400e+000 6.480866e+019 
2.682800e+000 6.479290e+019 
2.683200e+000 6.477715e+019 
2.683600e+000 6.476140e+019 
2.684000e+000 6.474565e+019 
2.684400e+000 6.472990e+019 
2.684800e+000 6.471415e+019 
2.685200e+000 6.469839e+019 
2.685600e+000 6.468264e+019 
2.686000e+000 6.466689e+019 
2.686400e+000 6.465114e+019 
2.686800e+000 6.463539e+019 
2.687200e+000 6.461964e+019 
2.687600e+000 6.460389e+019 
2.688000e+000 6.458813e+019 
2.688400e+000 6.457238e+019 
2.688800e+000 6.455663e+019 
2.689200e+000 6.454088e+019 
2.689600e+000 6.452513e+019 
2.690000e+000 6.450938e+019 
2.690400e+000 6.449363e+019 
2.690800e+000 6.447787e+019 
2.691200e+000 6.446212e+019 
2.691600e+000 6.444637e+019 
2.692000e+000 6.443062e+019 
2.692400e+000 6.441487e+019 
2.692800e+000 6.439912e+019 
2.693200e+000 6.438336e+019 
2.693600e+000 6.436761e+019 
2.694000e+000 6.435186e+019 
2.694400e+000 6.433611e+019 
2.694800e+000 6.432036e+019 
2.695200e+000 6.430461e+019 
2.695600e+000 6.428886e+019 
2.696000e+000 6.427310e+019 
2.696400e+000 6.425735e+019 
2.696800e+000 6.424160e+019 
2.697200e+000 6.422585e+019 
2.697600e+000 6.421010e+019 
2.698000e+000 6.419435e+019 
2.698400e+000 6.417860e+019 
2.698800e+000 6.416284e+019 
2.699200e+000 6.414709e+019 
2.699600e+000 6.413134e+019 
2.700000e+000 6.411559e+019 
2.700400e+000 6.409984e+019 
2.700800e+000 6.408409e+019 
2.701200e+000 6.406833e+019 
2.701600e+000 6.405258e+019 
2.702000e+000 6.403683e+019 
2.702400e+000 6.402108e+019 
2.702800e+000 6.400533e+019 
2.703200e+000 6.398958e+019 
2.703600e+000 6.397383e+019 
2.704000e+000 6.395807e+019 
2.704400e+000 6.394232e+019 
2.704800e+000 6.392657e+019 
2.705200e+000 6.391082e+019 
2.705600e+000 6.389507e+019 
2.706000e+000 6.387932e+019 
2.706400e+000 6.386356e+019 
2.706800e+000 6.384781e+019 
2.707200e+000 6.383206e+019 
2.707600e+000 6.381631e+019 
2.708000e+000 6.380056e+019 
2.708400e+000 6.378481e+019 
2.708800e+000 6.376906e+019 
2.709200e+000 6.375330e+019 
2.709600e+000 6.373755e+019 
2.710000e+000 6.372180e+019 
2.710400e+000 6.370605e+019 
2.710800e+000 6.369030e+019 
2.711200e+000 6.367455e+019 
2.711600e+000 6.365879e+019 
2.712000e+000 6.364304e+019 
2.712400e+000 6.362729e+019 
2.712800e+000 6.361154e+019 
2.713200e+000 6.359579e+019 
2.713600e+000 6.358004e+019 
2.714000e+000 6.356429e+019 
2.714400e+000 6.354853e+019 
2.714800e+000 6.353278e+019 
2.715200e+000 6.351703e+019 
2.715600e+000 6.350128e+019 
2.716000e+000 6.348553e+019 
2.716400e+000 6.346978e+019 
2.716800e+000 6.345402e+019 
2.717200e+000 6.343827e+019 
2.717600e+000 6.342252e+019 
2.718000e+000 6.340677e+019 
2.718400e+000 6.339102e+019 
2.718800e+000 6.337527e+019 
2.719200e+000 6.335951e+019 
2.719600e+000 6.334376e+019 
2.720000e+000 6.332801e+019 
2.720400e+000 6.331226e+019 
2.720800e+000 6.329651e+019 
2.721200e+000 6.328076e+019 
2.721600e+000 6.326500e+019 
2.722000e+000 6.324925e+019 
2.722400e+000 6.323350e+019 
2.722800e+000 6.321775e+019 
2.723200e+000 6.320200e+019 
2.723600e+000 6.318624e+019 
2.724000e+000 6.317049e+019 
2.724400e+000 6.315474e+019 
2.724800e+000 6.313899e+019 
2.725200e+000 6.312324e+019 
2.725600e+000 6.310749e+019 
2.726000e+000 6.309173e+019 
2.726400e+000 6.307598e+019 
2.726800e+000 6.306023e+019 
2.727200e+000 6.304448e+019 
2.727600e+000 6.302873e+019 
2.728000e+000 6.301297e+019 
2.728400e+000 6.299722e+019 
2.728800e+000 6.298147e+019 
2.729200e+000 6.296572e+019 
2.729600e+000 6.294997e+019 
2.730000e+000 6.293421e+019 
2.730400e+000 6.291846e+019 
2.730800e+000 6.290271e+019 
2.731200e+000 6.288696e+019 
2.731600e+000 6.287121e+019 
2.732000e+000 6.285545e+019 
2.732400e+000 6.283970e+019 
2.732800e+000 6.282395e+019 
2.733200e+000 6.280820e+019 
2.733600e+000 6.279245e+019 
2.734000e+000 6.277669e+019 
2.734400e+000 6.276094e+019 
2.734800e+000 6.274519e+019 
2.735200e+000 6.272944e+019 
2.735600e+000 6.271368e+019 
2.736000e+000 6.269793e+019 
2.736400e+000 6.268218e+019 
2.736800e+000 6.266643e+019 
2.737200e+000 6.265068e+019 
2.737600e+000 6.263492e+019 
2.738000e+000 6.261917e+019 
2.738400e+000 6.260342e+019 
2.738800e+000 6.258767e+019 
2.739200e+000 6.257191e+019 
2.739600e+000 6.255616e+019 
2.740000e+000 6.254041e+019 
2.740400e+000 6.252466e+019 
2.740800e+000 6.250890e+019 
2.741200e+000 6.249315e+019 
2.741600e+000 6.247740e+019 
2.742000e+000 6.246164e+019 
2.742400e+000 6.244589e+019 
2.742800e+000 6.243014e+019 
2.743200e+000 6.241439e+019 
2.743600e+000 6.239863e+019 
2.744000e+000 6.238288e+019 
2.744400e+000 6.236713e+019 
2.744800e+000 6.235137e+019 
2.745200e+000 6.233562e+019 
2.745600e+000 6.231987e+019 
2.746000e+000 6.230411e+019 
2.746400e+000 6.228836e+019 
2.746800e+000 6.227261e+019 
2.747200e+000 6.225685e+019 
2.747600e+000 6.224110e+019 
2.748000e+000 6.222535e+019 
2.748400e+000 6.220959e+019 
2.748800e+000 6.219384e+019 
2.749200e+000 6.217809e+019 
2.749600e+000 6.216233e+019 
2.750000e+000 6.214658e+019 
2.750400e+000 6.213082e+019 
2.750800e+000 6.211507e+019 
2.751200e+000 6.209932e+019 
2.751600e+000 6.208356e+019 
2.752000e+000 6.206781e+019 
2.752400e+000 6.205205e+019 
2.752800e+000 6.203630e+019 
2.753200e+000 6.202054e+019 
2.753600e+000 6.200479e+019 
2.754000e+000 6.198903e+019 
2.754400e+000 6.197328e+019 
2.754800e+000 6.195752e+019 
2.755200e+000 6.194177e+019 
2.755600e+000 6.192601e+019 
2.756000e+000 6.191026e+019 
2.756400e+000 6.189450e+019 
2.756800e+000 6.187875e+019 
2.757200e+000 6.186299e+019 
2.757600e+000 6.184724e+019 
2.758000e+000 6.183148e+019 
2.758400e+000 6.181572e+019 
2.758800e+000 6.179997e+019 
2.759200e+000 6.178421e+019 
2.759600e+000 6.176845e+019 
2.760000e+000 6.175270e+019 
2.760400e+000 6.173694e+019 
2.760800e+000 6.172118e+019 
2.761200e+000 6.170542e+019 
2.761600e+000 6.168967e+019 
2.762000e+000 6.167391e+019 
2.762400e+000 6.165815e+019 
2.762800e+000 6.164239e+019 
2.763200e+000 6.162663e+019 
2.763600e+000 6.161088e+019 
2.764000e+000 6.159512e+019 
2.764400e+000 6.157936e+019 
2.764800e+000 6.156360e+019 
2.765200e+000 6.154784e+019 
2.765600e+000 6.153208e+019 
2.766000e+000 6.151632e+019 
2.766400e+000 6.150056e+019 
2.766800e+000 6.148480e+019 
2.767200e+000 6.146904e+019 
2.767600e+000 6.145328e+019 
2.768000e+000 6.143751e+019 
2.768400e+000 6.142175e+019 
2.768800e+000 6.140599e+019 
2.769200e+000 6.139023e+019 
2.769600e+000 6.137447e+019 
2.770000e+000 6.135870e+019 
2.770400e+000 6.134294e+019 
2.770800e+000 6.132717e+019 
2.771200e+000 6.131141e+019 
2.771600e+000 6.129564e+019 
2.772000e+000 6.127988e+019 
2.772400e+000 6.126411e+019 
2.772800e+000 6.124835e+019 
2.773200e+000 6.123258e+019 
2.773600e+000 6.121681e+019 
2.774000e+000 6.120105e+019 
2.774400e+000 6.118528e+019 
2.774800e+000 6.116951e+019 
2.775200e+000 6.115374e+019 
2.775600e+000 6.113797e+019 
2.776000e+000 6.112220e+019 
2.776400e+000 6.110643e+019 
2.776800e+000 6.109066e+019 
2.777200e+000 6.107488e+019 
2.777600e+000 6.105911e+019 
2.778000e+000 6.104334e+019 
2.778400e+000 6.102756e+019 
2.778800e+000 6.101179e+019 
2.779200e+000 6.099601e+019 
2.779600e+000 6.098024e+019 
2.780000e+000 6.096446e+019 
2.780400e+000 6.094868e+019 
2.780800e+000 6.093290e+019 
2.781200e+000 6.091712e+019 
2.781600e+000 6.090134e+019 
2.782000e+000 6.088556e+019 
2.782400e+000 6.086978e+019 
2.782800e+000 6.085399e+019 
2.783200e+000 6.083821e+019 
2.783600e+000 6.082242e+019 
2.784000e+000 6.080664e+019 
2.784400e+000 6.079085e+019 
2.784800e+000 6.077506e+019 
2.785200e+000 6.075927e+019 
2.785600e+000 6.074348e+019 
2.786000e+000 6.072768e+019 
2.786400e+000 6.071189e+019 
2.786800e+000 6.069609e+019 
2.787200e+000 6.068030e+019 
2.787600e+000 6.066450e+019 
2.788000e+000 6.064870e+019 
2.788400e+000 6.063290e+019 
2.788800e+000 6.061709e+019 
2.789200e+000 6.060129e+019 
2.789600e+000 6.058548e+019 
2.790000e+000 6.056967e+019 
2.790400e+000 6.055386e+019 
2.790800e+000 6.053805e+019 
2.791200e+000 6.052224e+019 
2.791600e+000 6.050642e+019 
2.792000e+000 6.049060e+019 
2.792400e+000 6.047478e+019 
2.792800e+000 6.045896e+019 
2.793200e+000 6.044314e+019 
2.793600e+000 6.042731e+019 
2.794000e+000 6.041148e+019 
2.794400e+000 6.039565e+019 
2.794800e+000 6.037982e+019 
2.795200e+000 6.036398e+019 
2.795600e+000 6.034814e+019 
2.796000e+000 6.033230e+019 
2.796400e+000 6.031645e+019 
2.796800e+000 6.030061e+019 
2.797200e+000 6.028475e+019 
2.797600e+000 6.026890e+019 
2.798000e+000 6.025304e+019 
2.798400e+000 6.023718e+019 
2.798800e+000 6.022132e+019 
2.799200e+000 6.020545e+019 
2.799600e+000 6.018958e+019 
2.800000e+000 6.017370e+019 
2.800400e+000 6.015782e+019 
2.800800e+000 6.014194e+019 
2.801200e+000 6.012605e+019 
2.801600e+000 6.011016e+019 
2.802000e+000 6.009426e+019 
2.802400e+000 6.007836e+019 
2.802800e+000 6.006245e+019 
2.803200e+000 6.004654e+019 
2.803600e+000 6.003063e+019 
2.804000e+000 6.001470e+019 
2.804400e+000 5.999878e+019 
2.804800e+000 5.998284e+019 
2.805200e+000 5.996691e+019 
2.805600e+000 5.995096e+019 
2.806000e+000 5.993501e+019 
2.806400e+000 5.991906e+019 
2.806800e+000 5.990309e+019 
2.807200e+000 5.988712e+019 
2.807600e+000 5.987115e+019 
2.808000e+000 5.985516e+019 
2.808400e+000 5.983917e+019 
2.808800e+000 5.982317e+019 
2.809200e+000 5.980716e+019 
2.809600e+000 5.979115e+019 
2.810000e+000 5.977513e+019 
2.810400e+000 5.975909e+019 
2.810800e+000 5.974305e+019 
2.811200e+000 5.972700e+019 
2.811600e+000 5.971094e+019 
2.812000e+000 5.969487e+019 
2.812400e+000 5.967879e+019 
2.812800e+000 5.966270e+019 
2.813200e+000 5.964660e+019 
2.813600e+000 5.963049e+019 
2.814000e+000 5.961437e+019 
2.814400e+000 5.959823e+019 
2.814800e+000 5.958208e+019 
2.815200e+000 5.956592e+019 
2.815600e+000 5.954975e+019 
2.816000e+000 5.953356e+019 
2.816400e+000 5.951736e+019 
2.816800e+000 5.950115e+019 
2.817200e+000 5.948492e+019 
2.817600e+000 5.946867e+019 
2.818000e+000 5.945241e+019 
2.818400e+000 5.943613e+019 
2.818800e+000 5.941984e+019 
2.819200e+000 5.940353e+019 
2.819600e+000 5.938720e+019 
2.820000e+000 5.937085e+019 
2.820400e+000 5.935449e+019 
2.820800e+000 5.933810e+019 
2.821200e+000 5.932170e+019 
2.821600e+000 5.930527e+019 
2.822000e+000 5.928882e+019 
2.822400e+000 5.927235e+019 
2.822800e+000 5.925586e+019 
2.823200e+000 5.923934e+019 
2.823600e+000 5.922280e+019 
2.824000e+000 5.920624e+019 
2.824400e+000 5.918965e+019 
2.824800e+000 5.917303e+019 
2.825200e+000 5.915638e+019 
2.825600e+000 5.913971e+019 
2.826000e+000 5.912300e+019 
2.826400e+000 5.910627e+019 
2.826800e+000 5.908950e+019 
2.827200e+000 5.907270e+019 
2.827600e+000 5.905587e+019 
2.828000e+000 5.903901e+019 
2.828400e+000 5.902211e+019 
2.828800e+000 5.900517e+019 
2.829200e+000 5.898819e+019 
2.829600e+000 5.897118e+019 
2.830000e+000 5.895412e+019 
2.830400e+000 5.893703e+019 
2.830800e+000 5.891989e+019 
2.831200e+000 5.890271e+019 
2.831600e+000 5.888548e+019 
2.832000e+000 5.886820e+019 
2.832400e+000 5.885088e+019 
2.832800e+000 5.883351e+019 
2.833200e+000 5.881608e+019 
2.833600e+000 5.879860e+019 
2.834000e+000 5.878107e+019 
2.834400e+000 5.876348e+019 
2.834800e+000 5.874583e+019 
2.835200e+000 5.872812e+019 
2.835600e+000 5.871035e+019 
2.836000e+000 5.869252e+019 
2.836400e+000 5.867461e+019 
2.836800e+000 5.865665e+019 
2.837200e+000 5.863861e+019 
2.837600e+000 5.862049e+019 
2.838000e+000 5.860231e+019 
2.838400e+000 5.858404e+019 
2.838800e+000 5.856570e+019 
2.839200e+000 5.854727e+019 
2.839600e+000 5.852876e+019 
2.840000e+000 5.851016e+019 
2.840400e+000 5.849147e+019 
2.840800e+000 5.847268e+019 
2.841200e+000 5.845380e+019 
2.841600e+000 5.843482e+019 
2.842000e+000 5.841574e+019 
2.842400e+000 5.839656e+019 
2.842800e+000 5.837726e+019 
2.843200e+000 5.835785e+019 
2.843600e+000 5.833833e+019 
2.844000e+000 5.831868e+019 
2.844400e+000 5.829892e+019 
2.844800e+000 5.827902e+019 
2.845200e+000 5.825900e+019 
2.845600e+000 5.823884e+019 
2.846000e+000 5.821853e+019 
2.846400e+000 5.819809e+019 
2.846800e+000 5.817749e+019 
2.847200e+000 5.815675e+019 
2.847600e+000 5.813584e+019 
2.848000e+000 5.811477e+019 
2.848400e+000 5.809354e+019 
2.848800e+000 5.807213e+019 
2.849200e+000 5.805054e+019 
2.849600e+000 5.802876e+019 
2.850000e+000 5.800680e+019 
2.850400e+000 5.798464e+019 
2.850800e+000 5.796227e+019 
2.851200e+000 5.793970e+019 
2.851600e+000 5.791691e+019 
2.852000e+000 5.789390e+019 
2.852400e+000 5.787066e+019 
2.852800e+000 5.784719e+019 
2.853200e+000 5.782347e+019 
2.853600e+000 5.779950e+019 
2.854000e+000 5.777527e+019 
2.854400e+000 5.775077e+019 
2.854800e+000 5.772599e+019 
2.855200e+000 5.770094e+019 
2.855600e+000 5.767559e+019 
2.856000e+000 5.764993e+019 
2.856400e+000 5.762397e+019 
2.856800e+000 5.759768e+019 
2.857200e+000 5.757106e+019 
2.857600e+000 5.754410e+019 
2.858000e+000 5.751679e+019 
2.858400e+000 5.748912e+019 
2.858800e+000 5.746107e+019 
2.859200e+000 5.743263e+019 
2.859600e+000 5.740380e+019 
2.860000e+000 5.737456e+019 
2.860400e+000 5.734489e+019 
2.860800e+000 5.731479e+019 
2.861200e+000 5.728424e+019 
2.861600e+000 5.725322e+019 
2.862000e+000 5.722173e+019 
2.862400e+000 5.718975e+019 
2.862800e+000 5.715726e+019 
2.863200e+000 5.712424e+019 
2.863600e+000 5.709069e+019 
2.864000e+000 5.705658e+019 
2.864400e+000 5.702191e+019 
2.864800e+000 5.698664e+019 
2.865200e+000 5.695076e+019 
2.865600e+000 5.691426e+019 
2.866000e+000 5.687711e+019 
2.866400e+000 5.683930e+019 
2.866800e+000 5.680081e+019 
2.867200e+000 5.676161e+019 
2.867600e+000 5.672168e+019 
2.868000e+000 5.668101e+019 
2.868400e+000 5.663957e+019 
2.868800e+000 5.659733e+019 
2.869200e+000 5.655428e+019 
2.869600e+000 5.651038e+019 
2.870000e+000 5.646562e+019 
2.870400e+000 5.641997e+019 
2.870800e+000 5.637340e+019 
2.871200e+000 5.632588e+019 
2.871600e+000 5.627739e+019 
2.872000e+000 5.622790e+019 
2.872400e+000 5.617737e+019 
2.872800e+000 5.612579e+019 
2.873200e+000 5.607311e+019 
2.873600e+000 5.601931e+019 
2.874000e+000 5.596435e+019 
2.874400e+000 5.590820e+019 
2.874800e+000 5.585083e+019 
2.875200e+000 5.579219e+019 
2.875600e+000 5.573227e+019 
2.876000e+000 5.567101e+019 
2.876400e+000 5.560838e+019 
2.876800e+000 5.554434e+019 
2.877200e+000 5.547885e+019 
2.877600e+000 5.541187e+019 
2.878000e+000 5.534337e+019 
2.878400e+000 5.527329e+019 
2.878800e+000 5.520159e+019 
2.879200e+000 5.512823e+019 
2.879600e+000 5.505317e+019 
2.880000e+000 5.497635e+019 
2.880400e+000 5.489774e+019 
2.880800e+000 5.481727e+019 
2.881200e+000 5.473491e+019 
2.881600e+000 5.465059e+019 
2.882000e+000 5.456428e+019 
2.882400e+000 5.447592e+019 
2.882800e+000 5.438544e+019 
2.883200e+000 5.429281e+019 
2.883600e+000 5.419796e+019 
2.884000e+000 5.410083e+019 
2.884400e+000 5.400137e+019 
2.884800e+000 5.389953e+019 
2.885200e+000 5.379523e+019 
2.885600e+000 5.368843e+019 
2.886000e+000 5.357905e+019 
2.886400e+000 5.346704e+019 
2.886800e+000 5.335233e+019 
2.887200e+000 5.323485e+019 
2.887600e+000 5.311456e+019 
2.888000e+000 5.299137e+019 
2.888400e+000 5.286522e+019 
2.888800e+000 5.273604e+019 
2.889200e+000 5.260377e+019 
2.889600e+000 5.246833e+019 
2.890000e+000 5.232967e+019 
2.890400e+000 5.218770e+019 
2.890800e+000 5.204236e+019 
2.891200e+000 5.189357e+019 
2.891600e+000 5.174128e+019 
2.892000e+000 5.158540e+019 
2.892400e+000 5.142586e+019 
2.892800e+000 5.126259e+019 
2.893200e+000 5.109553e+019 
2.893600e+000 5.092460e+019 
2.894000e+000 5.074973e+019 
2.894400e+000 5.057084e+019 
2.894800e+000 5.038788e+019 
2.895200e+000 5.020076e+019 
2.895600e+000 5.000943e+019 
2.896000e+000 4.981381e+019 
2.896400e+000 4.961383e+019 
2.896800e+000 4.940944e+019 
2.897200e+000 4.920056e+019 
2.897600e+000 4.898713e+019 
2.898000e+000 4.876909e+019 
2.898400e+000 4.854639e+019 
2.898800e+000 4.831896e+019 
2.899200e+000 4.808675e+019 
2.899600e+000 4.784970e+019 
2.900000e+000 4.760777e+019 
2.900400e+000 4.736091e+019 
2.900800e+000 4.710906e+019 
2.901200e+000 4.685220e+019 
2.901600e+000 4.659027e+019 
2.902000e+000 4.632325e+019 
2.902400e+000 4.605111e+019 
2.902800e+000 4.577381e+019 
2.903200e+000 4.549133e+019 
2.903600e+000 4.520365e+019 
2.904000e+000 4.491076e+019 
2.904400e+000 4.461265e+019 
2.904800e+000 4.430932e+019 
2.905200e+000 4.400075e+019 
2.905600e+000 4.368697e+019 
2.906000e+000 4.336797e+019 
2.906400e+000 4.304378e+019 
2.906800e+000 4.271442e+019 
2.907200e+000 4.237991e+019 
2.907600e+000 4.204030e+019 
2.908000e+000 4.169562e+019 
2.908400e+000 4.134591e+019 
2.908800e+000 4.099125e+019 
2.909200e+000 4.063167e+019 
2.909600e+000 4.026726e+019 
2.910000e+000 3.989809e+019 
2.910400e+000 3.952423e+019 
2.910800e+000 3.914578e+019 
2.911200e+000 3.876284e+019 
2.911600e+000 3.837549e+019 
2.912000e+000 3.798387e+019 
2.912400e+000 3.758807e+019 
2.912800e+000 3.718822e+019 
2.913200e+000 3.678446e+019 
2.913600e+000 3.637692e+019 
2.914000e+000 3.596574e+019 
2.914400e+000 3.555107e+019 
2.914800e+000 3.513308e+019 
2.915200e+000 3.471192e+019 
2.915600e+000 3.428776e+019 
2.916000e+000 3.386077e+019 
2.916400e+000 3.343113e+019 
2.916800e+000 3.299904e+019 
2.917200e+000 3.256467e+019 
2.917600e+000 3.212822e+019 
2.918000e+000 3.168990e+019 
2.918400e+000 3.124989e+019 
2.918800e+000 3.080841e+019 
2.919200e+000 3.036567e+019 
2.919600e+000 2.992188e+019 
2.920000e+000 2.947724e+019 
2.920400e+000 2.903198e+019 
2.920800e+000 2.858632e+019 
2.921200e+000 2.814046e+019 
2.921600e+000 2.769464e+019 
2.922000e+000 2.724907e+019 
2.922400e+000 2.680396e+019 
2.922800e+000 2.635954e+019 
2.923200e+000 2.591602e+019 
2.923600e+000 2.547362e+019 
2.924000e+000 2.503255e+019 
2.924400e+000 2.459302e+019 
2.924800e+000 2.415524e+019 
2.925200e+000 2.371942e+019 
2.925600e+000 2.328575e+019 
2.926000e+000 2.285444e+019 
2.926400e+000 2.242568e+019 
2.926800e+000 2.199965e+019 
2.927200e+000 2.157654e+019 
2.927600e+000 2.115653e+019 
2.928000e+000 2.073979e+019 
2.928400e+000 2.032649e+019 
2.928800e+000 1.991678e+019 
2.929200e+000 1.951083e+019 
2.929600e+000 1.910878e+019 
2.930000e+000 1.871078e+019 
2.930400e+000 1.831695e+019 
2.930800e+000 1.792744e+019 
2.931200e+000 1.754235e+019 
2.931600e+000 1.716180e+019 
2.932000e+000 1.678591e+019 
2.932400e+000 1.641476e+019 
2.932800e+000 1.604846e+019 
2.933200e+000 1.568709e+019 
2.933600e+000 1.533073e+019 
2.934000e+000 1.497944e+019 
2.934400e+000 1.463331e+019 
2.934800e+000 1.429237e+019 
2.935200e+000 1.395669e+019 
2.935600e+000 1.362631e+019 
2.936000e+000 1.330126e+019 
2.936400e+000 1.298158e+019 
2.936800e+000 1.266729e+019 
2.937200e+000 1.235842e+019 
2.937600e+000 1.205496e+019 
2.938000e+000 1.175694e+019 
2.938400e+000 1.146436e+019 
2.938800e+000 1.117720e+019 
2.939200e+000 1.089546e+019 
2.939600e+000 1.061914e+019 
2.940000e+000 1.034819e+019 
2.940400e+000 1.008262e+019 
2.940800e+000 9.822379e+018 
2.941200e+000 9.567445e+018 
2.941600e+000 9.317781e+018 
2.942000e+000 9.073347e+018 
2.942400e+000 8.834100e+018 
2.942800e+000 8.599994e+018 
2.943200e+000 8.370980e+018 
2.943600e+000 8.147006e+018 
2.944000e+000 7.928015e+018 
2.944400e+000 7.713952e+018 
2.944800e+000 7.504756e+018 
2.945200e+000 7.300366e+018 
2.945600e+000 7.100717e+018 
2.946000e+000 6.905745e+018 
2.946400e+000 6.715382e+018 
2.946800e+000 6.529559e+018 
2.947200e+000 6.348207e+018 
2.947600e+000 6.171255e+018 
2.948000e+000 5.998632e+018 
2.948400e+000 5.830264e+018 
2.948800e+000 5.666079e+018 
2.949200e+000 5.506003e+018 
2.949600e+000 5.349961e+018 
2.950000e+000 5.197879e+018 
2.950400e+000 5.049683e+018 
2.950800e+000 4.905297e+018 
2.951200e+000 4.764648e+018 
2.951600e+000 4.627660e+018 
2.952000e+000 4.494259e+018 
2.952400e+000 4.364372e+018 
2.952800e+000 4.237924e+018 
2.953200e+000 4.114842e+018 
2.953600e+000 3.995055e+018 
2.954000e+000 3.878489e+018 
2.954400e+000 3.765073e+018 
2.954800e+000 3.654737e+018 
2.955200e+000 3.547411e+018 
2.955600e+000 3.443025e+018 
2.956000e+000 3.341511e+018 
2.956400e+000 3.242802e+018 
2.956800e+000 3.146830e+018 
2.957200e+000 3.053532e+018 
2.957600e+000 2.962841e+018 
2.958000e+000 2.874694e+018 
2.958400e+000 2.789029e+018 
2.958800e+000 2.705783e+018 
2.959200e+000 2.624897e+018 
2.959600e+000 2.546311e+018 
2.960000e+000 2.469967e+018 
2.960400e+000 2.395806e+018 
2.960800e+000 2.323773e+018 
2.961200e+000 2.253812e+018 
2.961600e+000 2.185870e+018 
2.962000e+000 2.119893e+018 
2.962400e+000 2.055830e+018 
2.962800e+000 1.993629e+018 
2.963200e+000 1.933241e+018 
2.963600e+000 1.874617e+018 
2.964000e+000 1.817709e+018 
2.964400e+000 1.762471e+018 
2.964800e+000 1.708858e+018 
2.965200e+000 1.656824e+018 
2.965600e+000 1.606326e+018 
2.966000e+000 1.557322e+018 
2.966400e+000 1.509770e+018 
2.966800e+000 1.463630e+018 
2.967200e+000 1.418863e+018 
2.967600e+000 1.375429e+018 
2.968000e+000 1.333291e+018 
2.968400e+000 1.292413e+018 
2.968800e+000 1.252758e+018 
2.969200e+000 1.214292e+018 
2.969600e+000 1.176981e+018 
2.970000e+000 1.140792e+018 
2.970400e+000 1.105693e+018 
2.970800e+000 1.071651e+018 
2.971200e+000 1.038637e+018 
2.971600e+000 1.006621e+018 
2.972000e+000 9.755738e+017 
2.972400e+000 9.454671e+017 
2.972800e+000 9.162734e+017 
2.973200e+000 8.879661e+017 
2.973600e+000 8.605192e+017 
2.974000e+000 8.339073e+017 
2.974400e+000 8.081059e+017 
2.974800e+000 7.830911e+017 
2.975200e+000 7.588395e+017 
2.975600e+000 7.353286e+017 
2.976000e+000 7.125364e+017 
2.976400e+000 6.904414e+017 
2.976800e+000 6.690230e+017 
2.977200e+000 6.482609e+017 
2.977600e+000 6.281355e+017 
2.978000e+000 6.086278e+017 
2.978400e+000 5.897191e+017 
2.978800e+000 5.713916e+017 
2.979200e+000 5.536278e+017 
2.979600e+000 5.364106e+017 
2.980000e+000 5.197236e+017 
2.980400e+000 5.035508e+017 
2.980800e+000 4.878766e+017 
2.981200e+000 4.726860e+017 
2.981600e+000 4.579643e+017 
2.982000e+000 4.436972e+017 
2.982400e+000 4.298710e+017 
2.982800e+000 4.164723e+017 
2.983200e+000 4.034880e+017 
2.983600e+000 3.909055e+017 
2.984000e+000 3.787126e+017 
2.984400e+000 3.668974e+017 
2.984800e+000 3.554483e+017 
2.985200e+000 3.443541e+017 
2.985600e+000 3.336040e+017 
2.986000e+000 3.231875e+017 
2.986400e+000 3.130943e+017 
2.986800e+000 3.033145e+017 
2.987200e+000 2.938384e+017 
2.987600e+000 2.846568e+017 
2.988000e+000 2.757606e+017 
2.988400e+000 2.671411e+017 
2.988800e+000 2.587896e+017 
2.989200e+000 2.506979e+017 
2.989600e+000 2.428581e+017 
2.990000e+000 2.352624e+017 
2.990400e+000 2.279032e+017 
2.990800e+000 2.207732e+017 
2.991200e+000 2.138654e+017 
2.991600e+000 2.071729e+017 
2.992000e+000 2.006889e+017 
2.992400e+000 1.944072e+017 
2.992800e+000 1.883214e+017 
2.993200e+000 1.824254e+017 
2.993600e+000 1.767134e+017 
2.994000e+000 1.711796e+017 
2.994400e+000 1.658186e+017 
2.994800e+000 1.606250e+017 
2.995200e+000 1.555935e+017 
2.995600e+000 1.507192e+017 
2.996000e+000 1.459971e+017 
2.996400e+000 1.414226e+017 
2.996800e+000 1.369911e+017 
2.997200e+000 1.326980e+017 
2.997600e+000 1.285392e+017 
2.998000e+000 1.245104e+017 
2.998400e+000 1.206075e+017 
2.998800e+000 1.168267e+017 
2.999200e+000 1.131642e+017 
2.999600e+000 1.096162e+017 
3.000000e+000 1.061793e+017 
3.000400e+000 1.028499e+017 
3.000800e+000 9.962468e+016 
3.001200e+000 9.650041e+016 
3.001600e+000 9.347395e+016 
3.002000e+000 9.054222e+016 
3.002400e+000 8.770229e+016 
3.002800e+000 8.495129e+016 
3.003200e+000 8.228644e+016 
3.003600e+000 7.970505e+016 
3.004000e+000 7.720451e+016 
3.004400e+000 7.478231e+016 
3.004800e+000 7.243598e+016 
3.005200e+000 7.016318e+016 
3.005600e+000 6.796158e+016 
3.006000e+000 6.582898e+016 
3.006400e+000 6.376321e+016 
3.006800e+000 6.176219e+016 
3.007200e+000 5.982388e+016 
3.007600e+000 5.794633e+016 
3.008000e+000 5.612765e+016 
3.008400e+000 5.436598e+016 
3.008800e+000 5.265954e+016 
3.009200e+000 5.100661e+016 
3.009600e+000 4.940551e+016 
3.010000e+000 4.785461e+016 
3.010400e+000 4.635236e+016 
3.010800e+000 4.489722e+016 
3.011200e+000 4.348772e+016 
3.011600e+000 4.212243e+016 
3.012000e+000 4.079996e+016 
3.012400e+000 3.951899e+016 
3.012800e+000 3.827819e+016 
3.013200e+000 3.707633e+016 
3.013600e+000 3.591217e+016 
3.014000e+000 3.478453e+016 
3.014400e+000 3.369228e+016 
3.014800e+000 3.263430e+016 
3.015200e+000 3.160953e+016 
3.015600e+000 3.061690e+016 
3.016000e+000 2.965543e+016 
3.016400e+000 2.872414e+016 
3.016800e+000 2.782207e+016 
3.017200e+000 2.694831e+016 
3.017600e+000 2.610198e+016 
3.018000e+000 2.528222e+016 
3.018400e+000 2.448818e+016 
3.018800e+000 2.371907e+016 
3.019200e+000 2.297410e+016 
3.019600e+000 2.225252e+016 
3.020000e+000 2.155359e+016 
3.020400e+000 2.087660e+016 
3.020800e+000 2.022087e+016 
3.021200e+000 1.958572e+016 
3.021600e+000 1.897052e+016 
3.022000e+000 1.837463e+016 
3.022400e+000 1.779745e+016 
3.022800e+000 1.723839e+016 
3.023200e+000 1.669689e+016 
3.023600e+000 1.617239e+016 
3.024000e+000 1.566436e+016 
3.024400e+000 1.517228e+016 
3.024800e+000 1.469566e+016 
3.025200e+000 1.423400e+016 
3.025600e+000 1.378684e+016 
3.026000e+000 1.335372e+016 
3.026400e+000 1.293421e+016 
3.026800e+000 1.252787e+016 
3.027200e+000 1.213429e+016 
3.027600e+000 1.175307e+016 
3.028000e+000 1.138382e+016 
3.028400e+000 1.102618e+016 
3.028800e+000 1.067976e+016 
3.029200e+000 1.034423e+016 
3.029600e+000 1.001923e+016 
3.030000e+000 9.704441e+015 
3.030400e+000 9.399541e+015 
3.030800e+000 9.104217e+015 
3.031200e+000 8.818170e+015 
3.031600e+000 8.541108e+015 
3.032000e+000 8.272749e+015 
3.032400e+000 8.012819e+015 
3.032800e+000 7.761055e+015 
3.033200e+000 7.517199e+015 
3.033600e+000 7.281004e+015 
3.034000e+000 7.052228e+015 
3.034400e+000 6.830639e+015 
3.034800e+000 6.616011e+015 
3.035200e+000 6.408126e+015 
3.035600e+000 6.206771e+015 
3.036000e+000 6.011742e+015 
3.036400e+000 5.822839e+015 
3.036800e+000 5.639872e+015 
3.037200e+000 5.462652e+015 
3.037600e+000 5.291000e+015 
3.038000e+000 5.124741e+015 
3.038400e+000 4.963706e+015 
3.038800e+000 4.807729e+015 
3.039200e+000 4.656653e+015 
3.039600e+000 4.510324e+015 
3.040000e+000 4.368592e+015 
3.040400e+000 4.231312e+015 
3.040800e+000 4.098346e+015 
3.041200e+000 3.969558e+015 
3.041600e+000 3.844816e+015 
3.042000e+000 3.723994e+015 
3.042400e+000 3.606967e+015 
3.042800e+000 3.493618e+015 
3.043200e+000 3.383830e+015 
3.043600e+000 3.277492e+015 
3.044000e+000 3.174495e+015 
3.044400e+000 3.074734e+015 
3.044800e+000 2.978108e+015 
3.045200e+000 2.884517e+015 
3.045600e+000 2.793868e+015 
3.046000e+000 2.706067e+015 
3.046400e+000 2.621025e+015 
3.046800e+000 2.538655e+015 
3.047200e+000 2.458873e+015 
3.047600e+000 2.381598e+015 
3.048000e+000 2.306752e+015 
3.048400e+000 2.234257e+015 
3.048800e+000 2.164040e+015 
3.049200e+000 2.096030e+015 
3.049600e+000 2.030157e+015 
3.050000e+000 1.966353e+015 
3.050400e+000 1.904555e+015 
3.050800e+000 1.844699e+015 
3.051200e+000 1.786723e+015 
3.051600e+000 1.730570e+015 
3.052000e+000 1.676181e+015 
3.052400e+000 1.623501e+015 
3.052800e+000 1.572476e+015 
3.053200e+000 1.523055e+015 
3.053600e+000 1.475187e+015 
3.054000e+000 1.428824e+015 
3.054400e+000 1.383917e+015 
3.054800e+000 1.340421e+015 
3.055200e+000 1.298293e+015 
3.055600e+000 1.257488e+015 
3.056000e+000 1.217966e+015 
3.056400e+000 1.179685e+015 
3.056800e+000 1.142608e+015 
3.057200e+000 1.106696e+015 
3.057600e+000 1.071912e+015 
3.058000e+000 1.038222e+015 
3.058400e+000 1.005590e+015 
3.058800e+000 9.739839e+014 
3.059200e+000 9.433710e+014 
3.059600e+000 9.137202e+014 
3.060000e+000 8.850013e+014 
3.060400e+000 8.571849e+014 
3.060800e+000 8.302427e+014 
3.061200e+000 8.041472e+014 
3.061600e+000 7.788719e+014 
3.062000e+000 7.543909e+014 
3.062400e+000 7.306792e+014 
3.062800e+000 7.077128e+014 
3.063200e+000 6.854682e+014 
3.063600e+000 6.639227e+014 
3.064000e+000 6.430544e+014 
3.064400e+000 6.228419e+014 
3.064800e+000 6.032646e+014 
3.065200e+000 5.843027e+014 
3.065600e+000 5.659366e+014 
3.066000e+000 5.481479e+014 
3.066400e+000 5.309182e+014 
3.066800e+000 5.142300e+014 
3.067200e+000 4.980663e+014 
3.067600e+000 4.824107e+014 
3.068000e+000 4.672470e+014 
3.068400e+000 4.525600e+014 
3.068800e+000 4.383346e+014 
3.069200e+000 4.245563e+014 
3.069600e+000 4.112110e+014 
3.070000e+000 3.982852e+014 
3.070400e+000 3.857657e+014 
3.070800e+000 3.736396e+014 
3.071200e+000 3.618947e+014 
3.071600e+000 3.505189e+014 
3.072000e+000 3.395007e+014 
3.072400e+000 3.288288e+014 
3.072800e+000 3.184923e+014 
3.073200e+000 3.084807e+014 
3.073600e+000 2.987837e+014 
3.074000e+000 2.893916e+014 
3.074400e+000 2.802947e+014 
3.074800e+000 2.714837e+014 
3.075200e+000 2.629496e+014 
3.075600e+000 2.546838e+014 
3.076000e+000 2.466778e+014 
3.076400e+000 2.389234e+014 
3.076800e+000 2.314128e+014 
3.077200e+000 2.241382e+014 
3.077600e+000 2.170923e+014 
3.078000e+000 2.102679e+014 
3.078400e+000 2.036580e+014 
3.078800e+000 1.972558e+014 
3.079200e+000 1.910549e+014 
3.079600e+000 1.850489e+014 
3.080000e+000 1.792317e+014 
3.080400e+000 1.735973e+014 
3.080800e+000 1.681400e+014 
3.081200e+000 1.628543e+014 
3.081600e+000 1.577347e+014 
3.082000e+000 1.527761e+014 
3.082400e+000 1.479733e+014 
3.082800e+000 1.433215e+014 
3.083200e+000 1.388159e+014 
3.083600e+000 1.344519e+014 
3.084000e+000 1.302251e+014 
3.084400e+000 1.261312e+014 
3.084800e+000 1.221660e+014 
3.085200e+000 1.183254e+014 
3.085600e+000 1.146055e+014 
3.086000e+000 1.110026e+014 
3.086400e+000 1.075129e+014 
3.086800e+000 1.041330e+014 
3.087200e+000 1.008592e+014 
3.087600e+000 9.768841e+013 
3.088000e+000 9.461726e+013 
3.088400e+000 9.164265e+013 
3.088800e+000 8.876156e+013 
3.089200e+000 8.597103e+013 
3.089600e+000 8.326822e+013 
3.090000e+000 8.065037e+013 
